M,0.35,0.265,0.09,0.2255,0.0995,0.0485,0.07,7
I,0.33,0.255,0.08,0.205,0.0895,0.0395,0.055,7
I,0.425,0.3,0.095,0.3515,0.141,0.0775,0.12,8
M,0.43,0.35,0.11,0.406,0.1675,0.081,0.135,10
M,0.49,0.38,0.135,0.5415,0.2175,0.095,0.19,11
F,0.47,0.355,0.1,0.4755,0.1675,0.0805,0.185,10
I,0.355,0.28,0.085,0.2905,0.095,0.0395,0.115,7
F,0.44,0.34,0.1,0.451,0.188,0.087,0.13,10
M,0.365,0.295,0.08,0.2555,0.097,0.043,0.1,7
M,0.45,0.32,0.1,0.381,0.1705,0.075,0.115,9
M,0.355,0.28,0.095,0.2455,0.0955,0.062,0.075,11
I,0.38,0.275,0.1,0.2255,0.08,0.049,0.085,10
M,0.355,0.29,0.09,0.3275,0.134,0.086,0.09,9
F,0.45,0.335,0.105,0.425,0.1865,0.091,0.115,9
I,0.24,0.175,0.045,0.07,0.0315,0.0235,0.02,5
I,0.205,0.15,0.055,0.042,0.0255,0.015,0.012,5
I,0.21,0.15,0.05,0.042,0.0175,0.0125,0.015,4
I,0.39,0.295,0.095,0.203,0.0875,0.045,0.075,7
I,0.325,0.245,0.07,0.161,0.0755,0.0255,0.045,6
M,0.4,0.32,0.095,0.303,0.1335,0.06,0.1,7
M,0.485,0.36,0.13,0.5415,0.2595,0.096,0.16,10
M,0.405,0.31,0.1,0.385,0.173,0.0915,0.11,7
M,0.445,0.35,0.12,0.4425,0.192,0.0955,0.135,8
I,0.245,0.19,0.06,0.086,0.042,0.014,0.025,4
M,0.425,0.325,0.095,0.3785,0.1705,0.08,0.1,7
I,0.31,0.235,0.07,0.151,0.063,0.0405,0.045,6
F,0.4,0.32,0.11,0.353,0.1405,0.0985,0.1,8
F,0.475,0.375,0.125,0.5785,0.2775,0.085,0.155,10
I,0.36,0.265,0.095,0.2315,0.105,0.046,0.075,7
F,0.435,0.395,0.105,0.3635,0.136,0.098,0.13,9
I,0.435,0.32,0.08,0.3325,0.1485,0.0635,0.105,9
M,0.425,0.35,0.105,0.393,0.13,0.063,0.165,9
M,0.44,0.34,0.105,0.402,0.1305,0.0955,0.165,10
M,0.405,0.305,0.085,0.2605,0.1145,0.0595,0.085,8
I,0.385,0.295,0.085,0.2535,0.103,0.0575,0.085,7
M,0.37,0.265,0.075,0.214,0.09,0.051,0.07,6
I,0.36,0.28,0.08,0.1755,0.081,0.0505,0.07,6
I,0.27,0.195,0.06,0.073,0.0285,0.0235,0.03,5
I,0.375,0.275,0.09,0.238,0.1075,0.0545,0.07,6
I,0.385,0.29,0.085,0.2505,0.112,0.061,0.08,8
F,0.44,0.35,0.125,0.4035,0.175,0.063,0.129,9
F,0.325,0.26,0.09,0.1915,0.085,0.036,0.062,7
I,0.35,0.26,0.095,0.211,0.086,0.056,0.068,7
I,0.265,0.2,0.065,0.0975,0.04,0.0205,0.028,7
F,0.425,0.33,0.115,0.406,0.1635,0.081,0.1355,8
F,0.305,0.23,0.08,0.156,0.0675,0.0345,0.048,7
M,0.345,0.255,0.09,0.2005,0.094,0.0295,0.063,9
F,0.405,0.325,0.11,0.3555,0.151,0.063,0.117,9
M,0.375,0.285,0.095,0.253,0.096,0.0575,0.0925,9
I,0.28,0.205,0.08,0.127,0.052,0.039,0.042,9
I,0.175,0.13,0.055,0.0315,0.0105,0.0065,0.0125,5
I,0.17,0.13,0.095,0.03,0.013,0.008,0.01,4
I,0.235,0.16,0.04,0.048,0.0185,0.018,0.015,5
I,0.36,0.26,0.09,0.1785,0.0645,0.037,0.075,7
I,0.315,0.21,0.06,0.125,0.06,0.0375,0.035,5
I,0.315,0.245,0.085,0.1435,0.053,0.0475,0.05,8
I,0.225,0.16,0.045,0.0465,0.025,0.015,0.015,4
I,0.355,0.275,0.085,0.22,0.092,0.06,0.15,8
F,0.45,0.345,0.12,0.4165,0.1655,0.095,0.135,9
M,0.42,0.335,0.115,0.369,0.171,0.071,0.12,8
I,0.4,0.3,0.11,0.315,0.109,0.067,0.12,9
I,0.435,0.34,0.11,0.3795,0.1495,0.085,0.12,8
I,0.37,0.28,0.095,0.2655,0.122,0.052,0.08,7
M,0.335,0.25,0.09,0.181,0.0755,0.0415,0.06,7
F,0.415,0.325,0.105,0.38,0.1595,0.0785,0.12,12
I,0.405,0.3,0.12,0.324,0.1265,0.07,0.11,7
F,0.415,0.305,0.13,0.32,0.1305,0.0755,0.105,8
I,0.425,0.38,0.105,0.3265,0.1285,0.0785,0.1,10
F,0.39,0.29,0.125,0.3055,0.121,0.082,0.09,7
I,0.365,0.27,0.085,0.205,0.078,0.0485,0.07,7
I,0.275,0.215,0.075,0.1155,0.0485,0.029,0.035,7
I,0.44,0.35,0.135,0.435,0.1815,0.083,0.125,12
I,0.295,0.225,0.08,0.124,0.0485,0.032,0.04,9
I,0.075,0.055,0.01,0.002,0.001,0.0005,0.0015,1
I,0.13,0.1,0.03,0.013,0.0045,0.003,0.004,3
I,0.11,0.09,0.03,0.008,0.0025,0.002,0.003,3
I,0.16,0.12,0.035,0.021,0.0075,0.0045,0.005,5
I,0.27,0.2,0.07,0.1,0.034,0.0245,0.035,5
I,0.23,0.175,0.065,0.0645,0.026,0.0105,0.02,5
I,0.3,0.23,0.08,0.1275,0.0435,0.0265,0.04,8
I,0.33,0.255,0.085,0.1655,0.063,0.039,0.06,8
I,0.35,0.26,0.085,0.174,0.0705,0.0345,0.06,10
I,0.32,0.245,0.08,0.1585,0.0635,0.0325,0.05,13
I,0.36,0.275,0.085,0.1975,0.0745,0.0415,0.07,9
I,0.305,0.245,0.075,0.156,0.0675,0.038,0.045,7
I,0.345,0.27,0.11,0.2135,0.082,0.0545,0.07,7
I,0.33,0.25,0.105,0.1715,0.0655,0.035,0.06,7
I,0.245,0.195,0.06,0.095,0.0445,0.0245,0.026,4
M,0.27,0.2,0.08,0.1205,0.0465,0.028,0.04,6
M,0.35,0.275,0.11,0.2925,0.1225,0.0635,0.0905,8
M,0.47,0.39,0.15,0.6355,0.2185,0.0885,0.255,9
I,0.36,0.285,0.105,0.2415,0.0915,0.057,0.075,7
M,0.44,0.355,0.125,0.4775,0.132,0.0815,0.19,9
I,0.295,0.215,0.085,0.128,0.049,0.034,0.04,6
I,0.275,0.205,0.075,0.1105,0.045,0.0285,0.035,6
I,0.28,0.21,0.085,0.1065,0.039,0.0295,0.03,4
M,0.37,0.28,0.105,0.234,0.0905,0.0585,0.075,9
F,0.405,0.305,0.095,0.3485,0.1455,0.0895,0.1,9
M,0.37,0.28,0.1,0.252,0.1065,0.0595,0.074,8
M,0.36,0.27,0.1,0.217,0.0885,0.0495,0.0715,6
I,0.2,0.145,0.06,0.037,0.0125,0.0095,0.011,4
I,0.165,0.12,0.03,0.0215,0.007,0.005,0.005,3
I,0.45,0.355,0.11,0.4585,0.194,0.067,0.14,8
I,0.33,0.255,0.095,0.172,0.066,0.0255,0.06,6
I,0.265,0.21,0.06,0.0965,0.0425,0.022,0.03,5
I,0.19,0.145,0.04,0.038,0.0165,0.0065,0.015,4
M,0.385,0.31,0.1,0.2845,0.1065,0.075,0.1,11
I,0.265,0.205,0.07,0.1055,0.039,0.041,0.035,5
M,0.335,0.265,0.105,0.222,0.0935,0.056,0.075,7
I,0.355,0.275,0.09,0.251,0.097,0.053,0.08,7
I,0.32,0.255,0.1,0.1755,0.073,0.0415,0.065,7
M,0.36,0.295,0.105,0.241,0.0865,0.053,0.095,8
I,0.36,0.28,0.09,0.2255,0.0885,0.04,0.09,8
F,0.4,0.325,0.12,0.3185,0.134,0.0565,0.095,8
I,0.3,0.22,0.08,0.121,0.0475,0.042,0.035,5
I,0.235,0.175,0.04,0.0705,0.0335,0.015,0.02,5
I,0.34,0.26,0.08,0.2,0.08,0.0555,0.055,6
I,0.375,0.305,0.115,0.2715,0.092,0.074,0.09,8
I,0.415,0.325,0.1,0.3215,0.1535,0.0595,0.105,10
I,0.365,0.295,0.095,0.25,0.1075,0.0545,0.08,9
I,0.345,0.275,0.095,0.1995,0.0755,0.0535,0.07,6
I,0.39,0.31,0.1,0.302,0.116,0.064,0.115,11
F,0.435,0.325,0.11,0.4335,0.178,0.0985,0.155,7
I,0.44,0.345,0.12,0.365,0.1655,0.083,0.11,7
I,0.29,0.225,0.07,0.101,0.036,0.0235,0.035,8
I,0.26,0.2,0.07,0.092,0.037,0.02,0.03,6
I,0.44,0.345,0.1,0.366,0.122,0.0905,0.12,13
I,0.36,0.275,0.095,0.217,0.084,0.0435,0.09,7
I,0.385,0.305,0.095,0.252,0.0915,0.055,0.09,14
M,0.39,0.3,0.09,0.3055,0.143,0.0645,0.085,9
I,0.36,0.275,0.11,0.2335,0.095,0.0525,0.085,10
I,0.335,0.26,0.1,0.192,0.0785,0.0585,0.07,8
I,0.395,0.295,0.1,0.2715,0.134,0.0325,0.085,10
F,0.41,0.325,0.105,0.3635,0.159,0.077,0.12,10
I,0.36,0.28,0.105,0.199,0.0695,0.045,0.08,9
I,0.415,0.31,0.11,0.2965,0.123,0.057,0.0995,10
M,0.38,0.285,0.1,0.2665,0.115,0.061,0.075,11
I,0.24,0.185,0.07,0.0715,0.026,0.018,0.025,6
I,0.22,0.165,0.055,0.0545,0.0215,0.012,0.02,5
I,0.255,0.195,0.07,0.0735,0.0255,0.02,0.025,6
I,0.175,0.125,0.05,0.0235,0.008,0.0035,0.008,5
I,0.43,0.34,0.12,0.3575,0.151,0.0645,0.1045,9
F,0.465,0.35,0.115,0.421,0.1565,0.091,0.1345,9
M,0.31,0.22,0.085,0.146,0.061,0.0365,0.045,6
F,0.275,0.195,0.07,0.08,0.031,0.0215,0.025,5
M,0.27,0.195,0.08,0.1,0.0385,0.0195,0.03,6
M,0.4,0.29,0.115,0.2795,0.1115,0.0575,0.075,9
M,0.28,0.2,0.08,0.0915,0.033,0.0215,0.03,5
M,0.325,0.23,0.09,0.147,0.06,0.034,0.045,4
F,0.345,0.25,0.09,0.203,0.078,0.059,0.055,6
M,0.21,0.15,0.05,0.0385,0.0155,0.0085,0.01,3
F,0.36,0.27,0.09,0.1885,0.0845,0.0385,0.055,5
I,0.365,0.26,0.115,0.218,0.0935,0.0445,0.07,9
M,0.2,0.14,0.055,0.035,0.0145,0.008,0.01,5
M,0.235,0.16,0.06,0.0545,0.0265,0.0095,0.015,4
M,0.175,0.125,0.04,0.024,0.0095,0.006,0.005,4
M,0.155,0.11,0.04,0.0155,0.0065,0.003,0.005,3
M,0.385,0.3,0.095,0.24,0.0885,0.059,0.085,9
F,0.435,0.335,0.11,0.38,0.1695,0.086,0.11,9
I,0.465,0.38,0.13,0.454,0.1895,0.08,0.155,11
M,0.29,0.23,0.075,0.1165,0.043,0.0255,0.04,7
M,0.275,0.205,0.07,0.094,0.0335,0.02,0.0325,5
F,0.375,0.29,0.115,0.2705,0.093,0.066,0.0885,10
F,0.44,0.355,0.115,0.415,0.1585,0.0925,0.131,11
M,0.42,0.325,0.115,0.2885,0.1,0.057,0.1135,15
M,0.445,0.35,0.115,0.3615,0.1565,0.0695,0.117,8
F,0.38,0.29,0.105,0.257,0.099,0.051,0.085,10
M,0.32,0.245,0.075,0.1555,0.0585,0.038,0.049,11
M,0.255,0.195,0.065,0.08,0.0315,0.018,0.027,8
M,0.205,0.155,0.045,0.0425,0.017,0.0055,0.0155,7
F,0.44,0.34,0.105,0.364,0.148,0.0805,0.1175,8
F,0.475,0.35,0.115,0.452,0.1715,0.092,0.155,11
M,0.35,0.255,0.065,0.179,0.0705,0.0385,0.06,10
M,0.28,0.21,0.08,0.1085,0.041,0.0265,0.0345,7
I,0.45,0.345,0.135,0.443,0.1975,0.0875,0.1175,14
F,0.41,0.305,0.1,0.363,0.1735,0.065,0.11,11
M,0.45,0.335,0.14,0.4625,0.164,0.076,0.15,14
F,0.405,0.31,0.12,0.3095,0.138,0.058,0.095,13
F,0.37,0.29,0.115,0.25,0.111,0.057,0.075,9
F,0.385,0.315,0.11,0.286,0.1225,0.0635,0.0835,10
F,0.39,0.3,0.1,0.265,0.1075,0.06,0.0865,13
I,0.425,0.345,0.125,0.425,0.16,0.0795,0.154,13
M,0.345,0.27,0.09,0.195,0.078,0.0455,0.059,9
M,0.37,0.285,0.1,0.228,0.0675,0.0675,0.081,10
M,0.35,0.265,0.09,0.1775,0.0575,0.042,0.068,12
F,0.44,0.345,0.17,0.4085,0.15,0.0825,0.1515,12
M,0.195,0.145,0.05,0.032,0.01,0.008,0.012,4
M,0.325,0.24,0.075,0.155,0.0475,0.0355,0.06,9
I,0.495,0.37,0.125,0.4775,0.185,0.0705,0.169,18
M,0.415,0.345,0.135,0.3865,0.128,0.07,0.148,13
F,0.47,0.355,0.14,0.433,0.1525,0.095,0.152,12
M,0.32,0.24,0.085,0.17,0.0655,0.047,0.049,7
M,0.31,0.225,0.075,0.1295,0.0455,0.0335,0.044,9
M,0.235,0.17,0.055,0.0515,0.018,0.0105,0.0195,7
M,0.345,0.255,0.08,0.169,0.06,0.0425,0.054,10
F,0.425,0.335,0.095,0.322,0.1205,0.061,0.125,10
F,0.38,0.305,0.095,0.2815,0.1255,0.0525,0.09,8
M,0.34,0.265,0.085,0.1835,0.077,0.046,0.065,10
F,0.43,0.34,0.12,0.391,0.1555,0.095,0.1405,7
M,0.46,0.365,0.125,0.467,0.1895,0.0945,0.158,10
M,0.36,0.295,0.1,0.2105,0.066,0.0525,0.075,9
M,0.355,0.265,0.09,0.168,0.05,0.041,0.063,8
M,0.38,0.235,0.1,0.258,0.1055,0.054,0.08,7
M,0.355,0.26,0.085,0.1905,0.081,0.0485,0.055,6
M,0.325,0.24,0.085,0.173,0.0795,0.038,0.05,7
M,0.33,0.255,0.095,0.1875,0.0735,0.045,0.06,7
M,0.45,0.34,0.13,0.3715,0.1605,0.0795,0.105,9
I,0.445,0.33,0.12,0.347,0.12,0.084,0.105,11
M,0.33,0.215,0.075,0.1145,0.045,0.0265,0.035,6
F,0.475,0.36,0.125,0.447,0.1695,0.081,0.14,9
M,0.255,0.18,0.065,0.079,0.034,0.014,0.025,5
I,0.335,0.245,0.09,0.1665,0.0595,0.04,0.06,6
I,0.47,0.35,0.13,0.466,0.1845,0.099,0.145,11
M,0.31,0.225,0.08,0.1345,0.054,0.024,0.05,7
F,0.37,0.28,0.11,0.2305,0.0945,0.0465,0.075,10
M,0.295,0.215,0.075,0.129,0.05,0.0295,0.04,7
F,0.415,0.34,0.13,0.3675,0.146,0.0885,0.12,10
F,0.38,0.305,0.105,0.281,0.1045,0.0615,0.09,12
I,0.45,0.355,0.12,0.412,0.1145,0.0665,0.16,19
F,0.395,0.295,0.095,0.2245,0.078,0.054,0.08,10
F,0.37,0.275,0.1,0.2225,0.093,0.026,0.08,8
I,0.37,0.275,0.1,0.2295,0.0885,0.0465,0.07,7
F,0.435,0.325,0.115,0.3915,0.154,0.094,0.12,7
I,0.255,0.19,0.075,0.0865,0.0345,0.0205,0.025,5
M,0.38,0.29,0.12,0.283,0.1175,0.0655,0.085,9
I,0.165,0.11,0.02,0.019,0.0065,0.0025,0.005,4
I,0.315,0.23,0.09,0.1285,0.043,0.04,0.04,7
I,0.155,0.105,0.05,0.0175,0.005,0.0035,0.005,4
M,0.28,0.205,0.1,0.1165,0.0545,0.0285,0.03,5
F,0.395,0.315,0.105,0.3515,0.1185,0.091,0.1195,16
M,0.385,0.285,0.105,0.2905,0.1215,0.0685,0.0875,12
M,0.395,0.295,0.115,0.316,0.1205,0.0595,0.1105,12
M,0.4,0.3,0.125,0.417,0.191,0.09,0.1175,9
M,0.315,0.25,0.09,0.203,0.0615,0.037,0.0795,11
F,0.345,0.26,0.09,0.207,0.0775,0.0435,0.0765,10
M,0.36,0.295,0.13,0.2765,0.0895,0.057,0.1005,10
I,0.295,0.225,0.09,0.1105,0.0405,0.0245,0.032,7
I,0.325,0.25,0.08,0.176,0.0595,0.0355,0.063,7
M,0.375,0.3,0.1,0.2465,0.104,0.0475,0.083,11
I,0.28,0.205,0.055,0.1135,0.045,0.0275,0.0335,7
M,0.355,0.265,0.085,0.201,0.069,0.053,0.0695,8
M,0.35,0.255,0.08,0.1915,0.08,0.0385,0.063,9
I,0.275,0.2,0.065,0.1035,0.0475,0.0205,0.03,7
I,0.29,0.205,0.07,0.0975,0.036,0.019,0.035,8
I,0.25,0.19,0.06,0.0765,0.036,0.0115,0.0245,6
I,0.18,0.125,0.035,0.0265,0.0095,0.0055,0.0085,4
I,0.15,0.1,0.025,0.015,0.0045,0.004,0.005,2
I,0.16,0.11,0.025,0.018,0.0065,0.0055,0.005,3
M,0.4,0.305,0.085,0.297,0.108,0.0705,0.1,10
M,0.445,0.345,0.09,0.3795,0.143,0.074,0.125,10
F,0.36,0.265,0.09,0.2065,0.078,0.057,0.06,8
M,0.345,0.27,0.095,0.197,0.0665,0.05,0.07,9
M,0.385,0.275,0.115,0.2685,0.0975,0.0825,0.085,8
I,0.385,0.28,0.125,0.244,0.102,0.038,0.085,6
I,0.215,0.155,0.06,0.0525,0.021,0.0165,0.015,5
M,0.44,0.335,0.11,0.394,0.157,0.096,0.122,9
F,0.425,0.345,0.11,0.3665,0.125,0.081,0.117,11
M,0.425,0.33,0.13,0.4405,0.152,0.0935,0.155,9
I,0.37,0.275,0.1,0.22,0.094,0.045,0.065,7
M,0.405,0.305,0.12,0.3185,0.1235,0.0905,0.095,7
I,0.28,0.205,0.07,0.1015,0.041,0.03,0.03,6
I,0.235,0.175,0.055,0.067,0.027,0.0125,0.018,6
I,0.255,0.185,0.06,0.088,0.0365,0.021,0.023,5
I,0.315,0.24,0.085,0.1715,0.071,0.0345,0.0535,7
I,0.325,0.25,0.08,0.1735,0.0765,0.0345,0.049,7
I,0.335,0.25,0.08,0.183,0.0735,0.04,0.0575,6
I,0.35,0.27,0.09,0.2055,0.075,0.0575,0.062,6
I,0.35,0.25,0.07,0.18,0.0655,0.048,0.054,6
I,0.36,0.3,0.085,0.27,0.1185,0.064,0.0745,7
I,0.365,0.275,0.135,0.24,0.108,0.0445,0.0735,7
I,0.37,0.275,0.14,0.2215,0.097,0.0455,0.0615,6
I,0.38,0.275,0.095,0.1375,0.086,0.0585,0.0605,7
I,0.385,0.29,0.095,0.312,0.143,0.0635,0.086,6
I,0.385,0.3,0.1,0.2895,0.1215,0.063,0.09,7
I,0.395,0.29,0.095,0.319,0.138,0.08,0.082,7
I,0.395,0.29,0.095,0.304,0.127,0.084,0.077,6
I,0.4,0.31,0.1,0.306,0.13,0.06,0.094,6
I,0.41,0.325,0.1,0.394,0.208,0.0655,0.106,6
I,0.415,0.32,0.11,0.3735,0.175,0.0755,0.109,7
M,0.415,0.305,0.1,0.325,0.156,0.0505,0.091,6
I,0.425,0.325,0.1,0.398,0.1185,0.0645,0.0945,6
I,0.44,0.365,0.115,0.501,0.2435,0.084,0.1465,9
I,0.445,0.335,0.1,0.4895,0.2745,0.086,0.1105,7
M,0.47,0.375,0.12,0.5805,0.266,0.0935,0.169,8
I,0.485,0.355,0.105,0.498,0.2175,0.096,0.1525,9
M,0.49,0.385,0.125,0.609,0.3065,0.096,0.1775,8
I,0.205,0.14,0.05,0.046,0.0165,0.012,0.0135,6
I,0.24,0.175,0.055,0.0705,0.025,0.014,0.021,5
I,0.24,0.175,0.065,0.0665,0.031,0.0135,0.017,3
I,0.255,0.19,0.05,0.083,0.0295,0.0215,0.027,6
I,0.255,0.18,0.055,0.083,0.031,0.0215,0.02,4
I,0.265,0.195,0.06,0.092,0.0345,0.025,0.0245,6
I,0.28,0.12,0.075,0.117,0.0455,0.029,0.0345,4
I,0.295,0.23,0.08,0.1625,0.065,0.05,0.0385,5
I,0.3,0.235,0.08,0.131,0.05,0.0265,0.043,4
I,0.3,0.23,0.095,0.1385,0.056,0.0365,0.037,6
I,0.305,0.22,0.07,0.141,0.062,0.031,0.037,5
I,0.315,0.235,0.075,0.1485,0.0585,0.0375,0.0425,6
I,0.315,0.23,0.07,0.144,0.053,0.0305,0.04,8
I,0.32,0.24,0.09,0.1575,0.07,0.0265,0.0425,5
I,0.325,0.24,0.075,0.187,0.0825,0.0445,0.05,6
I,0.33,0.265,0.085,0.196,0.0775,0.0305,0.0445,6
I,0.335,0.25,0.075,0.1825,0.0705,0.044,0.055,7
I,0.335,0.25,0.075,0.186,0.0945,0.038,0.0445,7
I,0.34,0.25,0.075,0.1785,0.0665,0.0455,0.045,5
I,0.34,0.25,0.07,0.2225,0.104,0.0425,0.055,7
I,0.345,0.265,0.1,0.2455,0.111,0.0535,0.065,7
I,0.37,0.29,0.095,0.249,0.1045,0.058,0.067,6
I,0.37,0.28,0.095,0.2865,0.1505,0.069,0.0795,7
I,0.375,0.28,0.09,0.215,0.084,0.06,0.055,6
I,0.385,0.265,0.08,0.251,0.124,0.037,0.07,6
I,0.41,0.31,0.09,0.339,0.155,0.0695,0.09,7
I,0.41,0.305,0.09,0.3535,0.157,0.0745,0.1,7
I,0.41,0.31,0.09,0.3335,0.1635,0.061,0.091,6
I,0.415,0.33,0.09,0.3595,0.17,0.081,0.09,6
I,0.42,0.32,0.115,0.376,0.169,0.092,0.1,5
I,0.42,0.315,0.1,0.3435,0.157,0.0795,0.09,6
I,0.425,0.34,0.1,0.382,0.164,0.096,0.1,6
I,0.425,0.315,0.1,0.377,0.1645,0.072,0.105,6
I,0.43,0.325,0.1,0.3645,0.1575,0.0825,0.105,7
I,0.43,0.325,0.09,0.425,0.217,0.087,0.095,7
I,0.435,0.325,0.12,0.3995,0.1815,0.061,0.1125,8
I,0.435,0.34,0.115,0.3925,0.1825,0.078,0.1145,6
I,0.44,0.345,0.13,0.4495,0.209,0.0835,0.134,6
I,0.44,0.325,0.09,0.35,0.148,0.067,0.105,7
I,0.445,0.35,0.13,0.4195,0.1695,0.0945,0.1195,7
I,0.45,0.355,0.105,0.4445,0.197,0.093,0.1335,8
I,0.45,0.345,0.11,0.47,0.2355,0.0855,0.1135,7
I,0.46,0.36,0.1,0.4635,0.2325,0.093,0.115,7
I,0.46,0.345,0.105,0.449,0.196,0.0945,0.1265,7
I,0.465,0.365,0.115,0.467,0.2315,0.0925,0.113,7
I,0.465,0.37,0.115,0.534,0.261,0.098,0.143,7
I,0.465,0.345,0.11,0.4415,0.1755,0.0905,0.12,7
F,0.47,0.365,0.12,0.582,0.29,0.092,0.146,8
M,0.48,0.36,0.1,0.439,0.194,0.099,0.115,8
F,0.485,0.37,0.115,0.4785,0.1995,0.0955,0.129,7
I,0.185,0.13,0.045,0.029,0.012,0.0075,0.0095,4
I,0.195,0.15,0.045,0.0375,0.018,0.006,0.011,3
I,0.195,0.135,0.04,0.0325,0.0135,0.005,0.0095,4
I,0.2,0.155,0.04,0.0435,0.0155,0.009,0.007,4
I,0.225,0.165,0.055,0.059,0.027,0.0125,0.015,4
I,0.245,0.18,0.065,0.071,0.03,0.013,0.0215,4
I,0.25,0.18,0.065,0.0685,0.0245,0.0155,0.0225,5
I,0.265,0.195,0.055,0.084,0.0365,0.0175,0.025,7
I,0.275,0.195,0.065,0.106,0.054,0.02,0.028,6
I,0.28,0.21,0.085,0.1075,0.0415,0.024,0.034,5
I,0.285,0.22,0.065,0.096,0.0405,0.0205,0.03,5
I,0.3,0.22,0.08,0.1255,0.055,0.0265,0.039,6
I,0.315,0.235,0.055,0.151,0.065,0.027,0.039,6
I,0.32,0.225,0.085,0.1415,0.0675,0.0295,0.0405,6
I,0.34,0.265,0.08,0.2015,0.09,0.0475,0.055,5
I,0.37,0.28,0.1,0.221,0.1165,0.0265,0.0635,6
I,0.375,0.28,0.08,0.2345,0.1125,0.0455,0.067,6
I,0.375,0.275,0.1,0.2325,0.1165,0.042,0.065,6
I,0.385,0.29,0.08,0.2485,0.122,0.0495,0.065,7
I,0.4,0.32,0.095,0.348,0.194,0.053,0.087,6
I,0.405,0.3,0.11,0.32,0.172,0.044,0.093,7
I,0.41,0.3,0.1,0.282,0.1255,0.057,0.0875,7
I,0.41,0.325,0.1,0.3245,0.132,0.072,0.106,6
I,0.42,0.3,0.105,0.316,0.1255,0.07,0.1035,7
I,0.42,0.32,0.11,0.3625,0.174,0.0635,0.105,7
I,0.42,0.31,0.095,0.279,0.1255,0.051,0.088,6
I,0.425,0.325,0.115,0.3685,0.162,0.0865,0.1045,7
M,0.43,0.335,0.12,0.397,0.1985,0.0865,0.1035,7
I,0.435,0.33,0.11,0.413,0.2055,0.096,0.096,6
I,0.435,0.345,0.115,0.418,0.222,0.0735,0.106,7
I,0.44,0.33,0.11,0.3705,0.1545,0.084,0.12,7
I,0.445,0.34,0.145,0.434,0.1945,0.0905,0.13,7
I,0.445,0.335,0.11,0.411,0.1985,0.0935,0.109,8
I,0.45,0.365,0.125,0.462,0.2135,0.0985,0.1315,8
I,0.45,0.33,0.105,0.3715,0.1865,0.0785,0.0975,7
I,0.45,0.33,0.11,0.3685,0.16,0.0885,0.102,6
I,0.46,0.35,0.115,0.4155,0.18,0.098,0.1175,7
I,0.475,0.35,0.11,0.4565,0.206,0.099,0.13,6
I,0.245,0.205,0.06,0.0765,0.034,0.014,0.0215,4
I,0.25,0.185,0.065,0.0685,0.0295,0.014,0.0225,5
I,0.25,0.19,0.065,0.0835,0.039,0.015,0.025,5
I,0.275,0.195,0.09,0.1125,0.0545,0.0295,0.0355,6
I,0.305,0.215,0.065,0.1075,0.044,0.0205,0.038,5
I,0.31,0.225,0.07,0.1055,0.435,0.015,0.04,5
I,0.315,0.23,0.08,0.1375,0.0545,0.031,0.0445,5
I,0.315,0.23,0.07,0.1145,0.046,0.0235,0.0385,5
I,0.325,0.225,0.075,0.139,0.0565,0.032,0.09,6
I,0.33,0.25,0.095,0.2085,0.102,0.0395,0.052,7
I,0.33,0.205,0.095,0.1595,0.077,0.032,0.0435,5
I,0.335,0.245,0.09,0.2015,0.096,0.0405,0.048,7
I,0.34,0.25,0.09,0.179,0.0775,0.033,0.055,6
I,0.345,0.255,0.095,0.1945,0.0925,0.037,0.055,6
I,0.345,0.255,0.085,0.2005,0.105,0.037,0.05,5
I,0.35,0.27,0.075,0.215,0.1,0.036,0.065,6
I,0.35,0.255,0.09,0.1785,0.0855,0.0305,0.0525,8
I,0.36,0.27,0.085,0.196,0.0875,0.035,0.064,4
I,0.365,0.27,0.085,0.1875,0.081,0.042,0.058,6
I,0.365,0.27,0.085,0.196,0.0825,0.0375,0.06,7
I,0.365,0.265,0.085,0.213,0.0945,0.049,0.06,7
I,0.37,0.29,0.09,0.2445,0.089,0.0655,0.075,7
I,0.37,0.28,0.085,0.217,0.1095,0.035,0.062,6
I,0.375,0.29,0.095,0.213,0.096,0.041,0.061,5
I,0.375,0.29,0.085,0.2385,0.118,0.045,0.0695,7
I,0.375,0.275,0.09,0.218,0.093,0.0405,0.0755,6
I,0.375,0.275,0.095,0.2465,0.11,0.0415,0.0775,6
I,0.375,0.28,0.08,0.2025,0.0825,0.048,0.065,8
I,0.375,0.27,0.085,0.218,0.0945,0.039,0.07,7
I,0.38,0.275,0.11,0.256,0.11,0.0535,0.0755,6
I,0.38,0.27,0.08,0.2105,0.0865,0.042,0.07,8
I,0.385,0.29,0.09,0.2615,0.111,0.0595,0.0745,9
I,0.385,0.28,0.085,0.2175,0.097,0.038,0.067,8
I,0.385,0.3,0.095,0.302,0.152,0.0615,0.0735,7
I,0.385,0.28,0.09,0.228,0.1025,0.042,0.0655,5
I,0.39,0.3,0.095,0.3265,0.1665,0.0575,0.089,7
I,0.395,0.305,0.105,0.284,0.1135,0.0595,0.0945,8
I,0.395,0.295,0.095,0.2725,0.115,0.0625,0.085,8
I,0.395,0.27,0.1,0.2985,0.1445,0.061,0.082,5
I,0.4,0.29,0.1,0.2675,0.1205,0.0605,0.0765,5
I,0.405,0.285,0.09,0.2645,0.1265,0.0505,0.075,6
I,0.41,0.335,0.11,0.33,0.157,0.0705,0.17,7
I,0.42,0.305,0.09,0.328,0.168,0.0615,0.082,6
I,0.425,0.325,0.11,0.3335,0.173,0.045,0.1,7
I,0.425,0.32,0.1,0.3055,0.126,0.06,0.106,7
I,0.425,0.31,0.09,0.301,0.1385,0.065,0.08,7
I,0.43,0.34,0,0.428,0.2065,0.086,0.115,8
I,0.43,0.315,0.095,0.378,0.175,0.08,0.1045,8
I,0.435,0.315,0.11,0.3685,0.1615,0.0715,0.12,7
I,0.44,0.34,0.12,0.438,0.2115,0.083,0.12,9
I,0.45,0.33,0.105,0.448,0.208,0.089,0.12,9
I,0.455,0.345,0.105,0.4005,0.164,0.0755,0.126,8
I,0.455,0.33,0.1,0.372,0.358,0.0775,0.11,8
I,0.46,0.36,0.105,0.466,0.2225,0.099,0.11,7
I,0.46,0.35,0.105,0.3705,0.1575,0.077,0.114,9
I,0.465,0.34,0.11,0.346,0.1425,0.073,0.113,11
I,0.47,0.365,0.1,0.411,0.175,0.0855,0.135,8
I,0.47,0.355,0.12,0.393,0.167,0.0885,0.115,8
I,0.475,0.355,0.1,0.5035,0.2535,0.091,0.14,8
I,0.475,0.38,0.12,0.441,0.1785,0.0885,0.1505,8
I,0.48,0.365,0.1,0.461,0.2205,0.0835,0.135,8
I,0.14,0.105,0.035,0.014,0.0055,0.0025,0.004,3
I,0.23,0.165,0.06,0.0515,0.019,0.0145,0.036,4
I,0.365,0.265,0.135,0.2215,0.105,0.047,0.0605,7
I,0.365,0.255,0.08,0.1985,0.0785,0.0345,0.053,5
I,0.37,0.27,0.095,0.232,0.1325,0.041,0.0615,6
I,0.375,0.28,0.085,0.3155,0.187,0.046,0.067,7
I,0.385,0.3,0.09,0.247,0.1225,0.044,0.0675,5
I,0.395,0.295,0.09,0.3025,0.143,0.0665,0.0765,5
I,0.4,0.29,0.11,0.329,0.188,0.0455,0.0825,6
I,0.4,0.3,0.09,0.2815,0.1185,0.061,0.08,7
I,0.405,0.31,0.095,0.3425,0.1785,0.064,0.0855,8
I,0.405,0.29,0.09,0.2825,0.112,0.075,0.0815,7
I,0.405,0.3,0.105,0.304,0.1455,0.061,0.0805,6
I,0.41,0.32,0.095,0.2905,0.141,0.063,0.073,5
M,0.415,0.315,0.115,0.3895,0.2015,0.065,0.103,9
I,0.425,0.34,0.105,0.389,0.2015,0.0905,0.088,6
I,0.43,0.34,0.105,0.4405,0.2385,0.0745,0.1075,6
I,0.44,0.34,0.105,0.369,0.164,0.08,0.1015,5
M,0.44,0.32,0.12,0.4565,0.2435,0.092,0.1025,8
I,0.44,0.365,0.11,0.4465,0.213,0.089,0.1135,9
I,0.455,0.335,0.135,0.501,0.274,0.0995,0.1065,7
I,0.46,0.355,0.11,0.436,0.1975,0.096,0.125,8
I,0.47,0.355,0.12,0.3685,0.126,0.0835,0.1365,6
I,0.475,0.365,0.115,0.459,0.2175,0.093,0.1165,7
I,0.515,0.395,0.125,0.556,0.2695,0.096,0.17,8
I,0.21,0.17,0.045,0.0475,0.019,0.011,0.013,5
I,0.285,0.21,0.055,0.101,0.0415,0.017,0.0335,5
I,0.295,0.215,0.07,0.121,0.047,0.0155,0.0405,6
I,0.3,0.23,0.085,0.117,0.05,0.0175,0.0415,6
I,0.305,0.225,0.09,0.1465,0.063,0.034,0.0415,6
I,0.335,0.255,0.08,0.168,0.079,0.0355,0.05,5
I,0.35,0.26,0.075,0.18,0.09,0.0245,0.055,5
I,0.355,0.27,0.075,0.1775,0.079,0.0315,0.054,6
I,0.355,0.26,0.09,0.1985,0.0715,0.0495,0.058,7
I,0.36,0.27,0.095,0.2,0.073,0.056,0.061,8
I,0.36,0.275,0.075,0.2205,0.0985,0.044,0.066,7
I,0.36,0.265,0.075,0.1845,0.083,0.0365,0.055,7
I,0.365,0.27,0.085,0.2225,0.0935,0.0525,0.066,7
I,0.37,0.27,0.095,0.2175,0.097,0.046,0.065,6
I,0.375,0.28,0.08,0.2165,0.0935,0.0925,0.07,7
I,0.38,0.285,0.095,0.243,0.0895,0.0665,0.075,7
I,0.38,0.29,0.1,0.237,0.108,0.0395,0.082,6
I,0.385,0.29,0.09,0.2365,0.1,0.0505,0.076,8
I,0.385,0.28,0.095,0.257,0.119,0.059,0.07,7
I,0.385,0.3,0.09,0.308,0.1525,0.056,0.0835,8
I,0.39,0.3,0.09,0.252,0.1065,0.053,0.08,7
I,0.39,0.285,0.1,0.281,0.1275,0.062,0.077,7
I,0.39,0.29,0.1,0.2225,0.095,0.0465,0.073,7
I,0.41,0.3,0.09,0.304,0.129,0.071,0.0955,8
I,0.41,0.3,0.09,0.28,0.141,0.0575,0.075,8
I,0.415,0.325,0.1,0.313,0.139,0.0625,0.0965,7
I,0.425,0.325,0.11,0.317,0.135,0.048,0.09,8
I,0.425,0.315,0.08,0.303,0.131,0.0585,0.095,7
I,0.435,0.335,0.1,0.3295,0.129,0.07,0.11,7
I,0.435,0.325,0.11,0.367,0.1595,0.08,0.105,6
I,0.45,0.34,0.095,0.3245,0.1385,0.064,0.105,8
I,0.45,0.335,0.11,0.4195,0.181,0.085,0.1345,7
I,0.455,0.36,0.115,0.457,0.2085,0.0855,0.147,10
I,0.46,0.35,0.11,0.4,0.176,0.083,0.1205,7
I,0.46,0.355,0.11,0.4255,0.2015,0.081,0.13,7
I,0.465,0.37,0.12,0.4365,0.188,0.0815,0.147,9
I,0.465,0.345,0.11,0.393,0.1825,0.0735,0.12,8
I,0.47,0.355,0.125,0.499,0.21,0.0985,0.155,8
M,0.475,0.36,0.1,0.4285,0.1965,0.099,0.112,7
I,0.49,0.375,0.115,0.4615,0.204,0.0945,0.143,8
I,0.495,0.37,0.125,0.4715,0.2075,0.091,0.15,8
I,0.275,0.175,0.09,0.2315,0.096,0.057,0.0705,5
I,0.375,0.245,0.1,0.394,0.166,0.091,0.1125,6
M,0.39,0.28,0.125,0.564,0.3035,0.0955,0.143,7
M,0.445,0.32,0.12,0.414,0.199,0.09,0.117,7
I,0.455,0.335,0.105,0.422,0.229,0.0865,0.1,6
I,0.455,0.345,0.11,0.434,0.207,0.0855,0.1215,8
I,0.185,0.135,0.04,0.027,0.0105,0.0055,0.009,5
I,0.24,0.18,0.055,0.0555,0.0235,0.013,0.018,4
I,0.31,0.215,0.075,0.1275,0.0565,0.0275,0.036,7
I,0.34,0.26,0.085,0.1885,0.0815,0.0335,0.06,6
I,0.35,0.265,0.08,0.2,0.09,0.042,0.06,7
I,0.365,0.27,0.085,0.197,0.0815,0.0325,0.065,6
I,0.365,0.275,0.085,0.223,0.098,0.0375,0.075,7
I,0.365,0.27,0.075,0.2215,0.095,0.0445,0.07,6
I,0.39,0.31,0.105,0.2665,0.1185,0.0525,0.081,8
I,0.405,0.3,0.09,0.269,0.103,0.067,0.11,6
I,0.41,0.315,0.095,0.2805,0.114,0.0345,0.11,7
I,0.41,0.335,0.105,0.3305,0.1405,0.064,0.105,7
I,0.415,0.31,0.09,0.2815,0.1245,0.0615,0.085,6
I,0.415,0.31,0.1,0.2805,0.114,0.0565,0.0975,6
I,0.415,0.31,0.095,0.311,0.1125,0.0625,0.115,8
I,0.42,0.325,0.1,0.368,0.1675,0.0625,0.1135,11
I,0.43,0.34,0.1,0.3405,0.1395,0.0665,0.12,8
I,0.435,0.335,0.1,0.3245,0.135,0.0785,0.098,7
I,0.435,0.33,0.11,0.38,0.1515,0.0945,0.11,7
I,0.435,0.33,0.105,0.335,0.156,0.0555,0.105,8
I,0.435,0.345,0.12,0.3215,0.13,0.056,0.1185,7
I,0.445,0.33,0.11,0.358,0.1525,0.067,0.1185,8
I,0.465,0.37,0.11,0.445,0.1635,0.096,0.166,7
I,0.47,0.375,0.12,0.487,0.196,0.099,0.135,8
I,0.475,0.34,0.105,0.4535,0.203,0.08,0.1465,9
I,0.485,0.37,0.115,0.457,0.1885,0.0965,0.15,9
I,0.495,0.375,0.14,0.494,0.181,0.0975,0.191,8
I,0.52,0.41,0.11,0.5185,0.2165,0.0915,0.184,8
I,0.53,0.43,0.14,0.677,0.298,0.0965,0.23,8
I,0.135,0.13,0.04,0.029,0.0125,0.0065,0.008,4
I,0.16,0.11,0.025,0.0195,0.0075,0.005,0.006,4
I,0.21,0.15,0.055,0.0465,0.017,0.012,0.015,5
I,0.28,0.21,0.075,0.1195,0.053,0.0265,0.03,6
I,0.28,0.2,0.065,0.0895,0.036,0.0185,0.03,7
I,0.285,0.215,0.06,0.0935,0.031,0.023,0.03,6
I,0.29,0.21,0.07,0.1115,0.048,0.0205,0.03,5
I,0.29,0.21,0.06,0.1195,0.056,0.0235,0.03,6
I,0.29,0.21,0.065,0.097,0.0375,0.022,0.03,6
I,0.32,0.24,0.07,0.133,0.0585,0.0255,0.041,6
I,0.325,0.25,0.07,0.1745,0.0875,0.0355,0.04,7
I,0.335,0.25,0.08,0.1695,0.0695,0.044,0.0495,6
I,0.35,0.235,0.08,0.17,0.0725,0.0465,0.0495,7
I,0.35,0.25,0.07,0.1605,0.0715,0.0335,0.046,6
I,0.355,0.27,0.105,0.271,0.1425,0.0525,0.0735,9
I,0.36,0.27,0.085,0.2185,0.1065,0.038,0.062,6
I,0.36,0.27,0.085,0.196,0.0905,0.034,0.053,7
I,0.375,0.28,0.08,0.226,0.105,0.047,0.065,6
I,0.375,0.275,0.085,0.22,0.109,0.05,0.0605,7
I,0.395,0.29,0.095,0.3,0.158,0.068,0.078,7
I,0.405,0.25,0.09,0.2875,0.128,0.063,0.0805,7
I,0.415,0.325,0.11,0.316,0.1385,0.0795,0.0925,8
I,0.425,0.315,0.095,0.3675,0.1865,0.0675,0.0985,7
I,0.435,0.325,0.12,0.346,0.159,0.084,0.095,7
M,0.45,0.33,0.105,0.4955,0.2575,0.082,0.129,8
I,0.46,0.35,0.11,0.4675,0.2125,0.099,0.1375,7
I,0.47,0.375,0.105,0.441,0.167,0.0865,0.145,10
I,0.255,0.19,0.06,0.086,0.04,0.0185,0.025,5
I,0.27,0.195,0.065,0.1065,0.0475,0.0225,0.0285,5
I,0.28,0.215,0.08,0.132,0.072,0.022,0.033,5
I,0.285,0.215,0.07,0.1075,0.051,0.0225,0.027,6
I,0.32,0.255,0.085,0.1745,0.072,0.033,0.057,8
I,0.325,0.24,0.07,0.152,0.0565,0.0305,0.054,8
I,0.385,0.28,0.1,0.2755,0.1305,0.061,0.0725,8
I,0.395,0.295,0.1,0.293,0.14,0.062,0.082,7
F,0.4,0.305,0.16,0.368,0.173,0.0705,0.105,7
I,0.405,0.31,0.09,0.312,0.138,0.06,0.087,8
I,0.415,0.305,0.12,0.336,0.165,0.076,0.0805,7
I,0.42,0.315,0.115,0.355,0.1895,0.065,0.087,6
I,0.44,0.305,0.115,0.379,0.162,0.091,0.11,9
I,0.445,0.32,0.12,0.378,0.152,0.0825,0.12,8
M,0.46,0.345,0.11,0.4595,0.235,0.0885,0.116,7
M,0.465,0.36,0.11,0.4955,0.2665,0.085,0.121,7
I,0.465,0.355,0.09,0.4325,0.2005,0.074,0.1275,9
I,0.48,0.35,0.135,0.5465,0.2735,0.0995,0.158,8
I,0.405,0.305,0.09,0.2825,0.114,0.0575,0.095,7
M,0.415,0.3,0.1,0.3355,0.1545,0.0685,0.095,7
M,0.425,0.33,0.08,0.361,0.134,0.0825,0.125,7
M,0.47,0.35,0.1,0.4775,0.1885,0.0885,0.175,8
F,0.4,0.31,0.115,0.3465,0.1475,0.0695,0.115,10
I,0.37,0.29,0.1,0.25,0.1025,0.0505,0.085,10
I,0.41,0.31,0.11,0.315,0.124,0.082,0.095,9
M,0.375,0.29,0.1,0.276,0.1175,0.0565,0.085,9
I,0.325,0.25,0.055,0.166,0.076,0.051,0.045,5
I,0.455,0.355,0.08,0.452,0.2165,0.0995,0.125,9
I,0.385,0.29,0.09,0.232,0.0855,0.0495,0.08,7
I,0.13,0.095,0.035,0.0105,0.005,0.0065,0.0035,4
I,0.18,0.13,0.045,0.0275,0.0125,0.01,0.009,3
I,0.31,0.225,0.05,0.1445,0.0675,0.0385,0.045,6
F,0.375,0.29,0.08,0.282,0.1405,0.0725,0.08,7
M,0.425,0.325,0.1,0.3295,0.1365,0.0725,0.11,7
I,0.475,0.36,0.11,0.4555,0.177,0.0965,0.145,9
F,0.29,0.21,0.075,0.275,0.113,0.0675,0.035,6
M,0.385,0.295,0.095,0.335,0.147,0.094,0.09,7
M,0.47,0.375,0.115,0.4265,0.1685,0.0755,0.15,8
I,0.4,0.31,0.1,0.127,0.106,0.071,0.085,7
M,0.32,0.24,0.08,0.18,0.08,0.0385,0.055,6
M,0.44,0.35,0.11,0.4585,0.2,0.0885,0.13,9
I,0.32,0.24,0.075,0.1735,0.076,0.0355,0.05,7
I,0.46,0.35,0.11,0.3945,0.1685,0.0865,0.125,9
M,0.455,0.35,0.105,0.401,0.1575,0.083,0.135,9
F,0.415,0.325,0.115,0.3455,0.1405,0.0765,0.11,9
M,0.46,0.375,0.135,0.4935,0.186,0.0845,0.17,12
M,0.415,0.31,0.09,0.3245,0.1305,0.0735,0.115,8
M,0.27,0.195,0.07,0.106,0.0465,0.018,0.036,7
F,0.4,0.3,0.115,0.3025,0.1335,0.0465,0.0935,8
I,0.28,0.2,0.075,0.1225,0.0545,0.0115,0.035,5
M,0.375,0.305,0.09,0.3245,0.1395,0.0565,0.095,5
I,0.38,0.28,0.085,0.2735,0.115,0.061,0.085,6
F,0.37,0.275,0.085,0.2405,0.104,0.0535,0.07,5
M,0.335,0.235,0.085,0.1545,0.066,0.0345,0.045,6
I,0.165,0.115,0.015,0.0145,0.0055,0.003,0.005,4
M,0.285,0.21,0.075,0.1185,0.055,0.0285,0.04,7
I,0.19,0.13,0.03,0.0295,0.0155,0.015,0.01,6
I,0.215,0.15,0.03,0.0385,0.0115,0.005,0.01,5
I,0.32,0.235,0.08,0.1485,0.064,0.031,0.045,6
I,0.215,0.17,0.055,0.0605,0.0205,0.014,0.02,6
I,0.43,0.325,0.11,0.3675,0.1355,0.0935,0.12,13
I,0.26,0.215,0.08,0.099,0.037,0.0255,0.045,5
I,0.37,0.28,0.09,0.233,0.0905,0.0545,0.07,11
I,0.405,0.305,0.105,0.3625,0.1565,0.0705,0.125,10
I,0.27,0.19,0.08,0.081,0.0265,0.0195,0.03,6
M,0.42,0.345,0.105,0.43,0.175,0.096,0.13,7
I,0.275,0.22,0.08,0.1365,0.0565,0.0285,0.042,6
F,0.29,0.225,0.075,0.14,0.0515,0.0235,0.04,5
M,0.42,0.34,0.115,0.4215,0.175,0.093,0.135,8
F,0.43,0.325,0.12,0.445,0.165,0.0995,0.155,8
I,0.33,0.26,0.08,0.19,0.0765,0.0385,0.065,7
I,0.355,0.28,0.11,0.2235,0.0815,0.0525,0.08,7
I,0.275,0.2,0.075,0.086,0.0305,0.019,0.03,7
M,0.37,0.28,0.095,0.2225,0.0805,0.051,0.075,7
I,0.46,0.335,0.11,0.444,0.225,0.0745,0.11,8
M,0.415,0.315,0.125,0.388,0.068,0.09,0.125,12
F,0.435,0.32,0.12,0.3785,0.152,0.0915,0.125,11
F,0.475,0.38,0.135,0.486,0.1735,0.07,0.185,7
I,0.355,0.28,0.1,0.2275,0.0935,0.0455,0.085,11
F,0.38,0.325,0.11,0.3105,0.12,0.074,0.105,10
M,0.36,0.27,0.09,0.2225,0.083,0.053,0.075,6
M,0.43,0.335,0.115,0.406,0.166,0.0935,0.135,8
M,0.44,0.375,0.13,0.487,0.226,0.0965,0.155,9
I,0.405,0.315,0.105,0.347,0.1605,0.0785,0.1,9
I,0.42,0.33,0.1,0.352,0.1635,0.089,0.1,9
F,0.385,0.305,0.105,0.3315,0.1365,0.0745,0.1,7
I,0.33,0.265,0.09,0.18,0.068,0.036,0.06,6
I,0.325,0.27,0.1,0.185,0.08,0.0435,0.065,6
F,0.38,0.3,0.09,0.3215,0.1545,0.075,0.095,9
I,0.34,0.26,0.09,0.179,0.076,0.0525,0.055,6
I,0.415,0.325,0.1,0.385,0.167,0.08,0.125,7
M,0.35,0.265,0.11,0.2965,0.1365,0.063,0.085,7
I,0.315,0.24,0.07,0.137,0.0545,0.0315,0.04,8
I,0.4,0.31,0.1,0.2875,0.1145,0.0635,0.095,10
M,0.49,0.395,0.135,0.5545,0.213,0.0925,0.215,14
I,0.395,0.325,0.105,0.306,0.111,0.0735,0.095,8
F,0.415,0.305,0.105,0.3605,0.12,0.082,0.1,10
M,0.43,0.345,0.115,0.3045,0.0925,0.055,0.12,11
I,0.42,0.345,0.115,0.3435,0.1515,0.0795,0.115,9
I,0.31,0.24,0.09,0.1455,0.0605,0.0315,0.045,7
I,0.255,0.185,0.07,0.075,0.028,0.018,0.025,6
I,0.17,0.125,0.055,0.0235,0.009,0.0055,0.008,6
F,0.45,0.36,0.105,0.4715,0.2035,0.0935,0.149,9
I,0.42,0.325,0.115,0.354,0.1625,0.064,0.105,8
M,0.18,0.125,0.05,0.023,0.0085,0.0055,0.01,3
F,0.405,0.325,0.11,0.3575,0.145,0.0725,0.11,12
I,0.435,0.335,0.11,0.383,0.1555,0.0675,0.135,12
M,0.34,0.275,0.09,0.2065,0.0725,0.043,0.07,10
F,0.43,0.34,0.11,0.382,0.154,0.0955,0.109,8
I,0.415,0.325,0.115,0.3285,0.1405,0.051,0.106,12
F,0.36,0.265,0.09,0.2165,0.096,0.037,0.0735,10
M,0.175,0.135,0.04,0.0305,0.011,0.0075,0.01,5
M,0.155,0.115,0.025,0.024,0.009,0.005,0.0075,5
F,0.44,0.345,0.105,0.4285,0.165,0.083,0.132,11
M,0.37,0.29,0.09,0.241,0.11,0.045,0.069,10
M,0.33,0.25,0.09,0.197,0.085,0.041,0.0605,10
I,0.3,0.22,0.09,0.1425,0.057,0.0335,0.043,7
I,0.445,0.33,0.1,0.437,0.163,0.0755,0.17,13
M,0.29,0.225,0.08,0.1295,0.0535,0.026,0.045,10
M,0.31,0.245,0.095,0.15,0.0525,0.034,0.048,7
I,0.42,0.305,0.11,0.28,0.094,0.0785,0.0955,9
M,0.4,0.315,0.105,0.287,0.1135,0.037,0.113,10
M,0.425,0.315,0.125,0.3525,0.1135,0.0565,0.13,18
M,0.31,0.235,0.06,0.12,0.0415,0.033,0.04,11
M,0.35,0.255,0.085,0.2145,0.1,0.0465,0.06,13
F,0.41,0.315,0.11,0.321,0.1255,0.0655,0.095,10
M,0.26,0.2,0.065,0.096,0.044,0.027,0.03,6
M,0.26,0.19,0.075,0.0945,0.0445,0.02,0.03,6
M,0.34,0.255,0.095,0.213,0.081,0.034,0.07,9
I,0.335,0.24,0.095,0.17,0.062,0.039,0.055,9
F,0.345,0.255,0.1,0.197,0.071,0.051,0.06,9
I,0.275,0.205,0.08,0.096,0.036,0.0185,0.03,6
F,0.35,0.265,0.09,0.1855,0.0745,0.0415,0.06,7
F,0.37,0.285,0.105,0.27,0.1125,0.0585,0.0835,9
M,0.35,0.26,0.09,0.198,0.0725,0.056,0.06,10
M,0.395,0.305,0.105,0.282,0.0975,0.065,0.096,9
I,0.325,0.2,0.08,0.0995,0.0395,0.0225,0.032,8
I,0.275,0.2,0.065,0.092,0.0385,0.0235,0.027,5
I,0.235,0.17,0.065,0.0625,0.023,0.014,0.022,6
I,0.25,0.18,0.06,0.073,0.028,0.017,0.0225,5
I,0.25,0.185,0.065,0.071,0.027,0.0185,0.0225,5
I,0.2,0.145,0.05,0.036,0.0125,0.008,0.011,4
F,0.5,0.385,0.13,0.768,0.2625,0.095,0.27,13
F,0.37,0.275,0.08,0.227,0.093,0.0625,0.07,8
M,0.39,0.285,0.095,0.271,0.11,0.06,0.08,8
I,0.355,0.26,0.09,0.1925,0.077,0.038,0.065,8
M,0.49,0.39,0.135,0.592,0.242,0.096,0.1835,15
M,0.44,0.325,0.115,0.39,0.163,0.087,0.113,7
I,0.42,0.31,0.1,0.2865,0.115,0.0735,0.085,8
M,0.4,0.305,0.13,0.2935,0.096,0.0675,0.105,9
F,0.33,0.26,0.08,0.2,0.0625,0.05,0.07,9
I,0.285,0.21,0.07,0.109,0.044,0.0265,0.033,5
I,0.3,0.23,0.075,0.127,0.052,0.03,0.0345,6
I,0.31,0.24,0.105,0.2885,0.118,0.065,0.083,6
I,0.34,0.255,0.075,0.18,0.0745,0.04,0.0525,6
I,0.375,0.3,0.075,0.144,0.059,0.03,0.044,7
I,0.415,0.315,0.105,0.33,0.1405,0.0705,0.095,6
I,0.415,0.315,0.09,0.3625,0.175,0.0835,0.093,6
I,0.42,0.32,0.1,0.34,0.1745,0.05,0.0945,8
I,0.425,0.31,0.105,0.365,0.159,0.0825,0.105,6
I,0.475,0.365,0.12,0.53,0.2505,0.0975,0.1625,10
I,0.205,0.15,0.065,0.04,0.02,0.011,0.013,4
I,0.225,0.17,0.07,0.0565,0.024,0.013,0.016,4
I,0.23,0.18,0.05,0.064,0.0215,0.0135,0.02,5
I,0.275,0.195,0.07,0.0875,0.0345,0.022,0.0255,4
I,0.28,0.21,0.055,0.106,0.0415,0.0265,0.031,5
I,0.28,0.22,0.08,0.1315,0.066,0.024,0.03,5
I,0.295,0.22,0.07,0.126,0.0515,0.0275,0.035,6
I,0.31,0.225,0.075,0.155,0.065,0.037,0.0365,6
I,0.315,0.235,0.07,0.149,0.058,0.0325,0.047,7
I,0.34,0.265,0.07,0.185,0.0625,0.0395,0.07,7
I,0.37,0.29,0.08,0.2545,0.108,0.0565,0.07,6
I,0.38,0.285,0.085,0.237,0.115,0.0405,0.07,6
I,0.39,0.295,0.1,0.279,0.1155,0.059,0.08,7
I,0.405,0.31,0.065,0.3205,0.1575,0.066,0.088,6
I,0.415,0.325,0.1,0.3335,0.1445,0.0715,0.095,7
I,0.44,0.335,0.11,0.3885,0.175,0.0835,0.111,7
I,0.44,0.325,0.1,0.4165,0.185,0.0865,0.11,6
I,0.45,0.35,0.125,0.4775,0.2235,0.089,0.118,6
I,0.46,0.345,0.12,0.4155,0.198,0.0885,0.107,7
I,0.5,0.38,0.11,0.494,0.218,0.09,0.1325,7
I,0.22,0.16,0.05,0.049,0.0215,0.01,0.015,4
I,0.275,0.205,0.07,0.1055,0.495,0.019,0.0315,5
I,0.29,0.21,0.06,0.1045,0.0415,0.022,0.035,5
I,0.33,0.24,0.075,0.163,0.0745,0.033,0.048,6
I,0.355,0.285,0.095,0.2275,0.0955,0.0475,0.0715,6
I,0.375,0.29,0.1,0.219,0.0925,0.038,0.075,6
I,0.415,0.315,0.1,0.3645,0.1765,0.0795,0.095,8
I,0.425,0.33,0.115,0.3265,0.1315,0.077,0.103,6
I,0.425,0.34,0.1,0.3515,0.1625,0.082,0.094,7
I,0.43,0.32,0.1,0.3465,0.1635,0.08,0.09,7
I,0.44,0.34,0.1,0.407,0.209,0.0735,0.103,7
I,0.44,0.335,0.115,0.4215,0.173,0.0765,0.113,7
I,0.46,0.345,0.11,0.3755,0.1525,0.058,0.125,7
I,0.465,0.355,0.105,0.442,0.2085,0.0975,0.1185,7
I,0.475,0.365,0.1,0.1315,0.2025,0.0875,0.123,7
I,0.19,0.14,0.03,0.0315,0.0125,0.005,0.0105,3
I,0.21,0.15,0.045,0.04,0.0135,0.008,0.0105,4
I,0.25,0.175,0.06,0.0635,0.0275,0.008,0.02,4
I,0.29,0.215,0.065,0.0985,0.0425,0.021,0.031,5
I,0.335,0.25,0.08,0.167,0.0675,0.0325,0.0575,6
I,0.34,0.245,0.085,0.2015,0.1005,0.038,0.053,6
I,0.345,0.255,0.095,0.183,0.075,0.0385,0.06,6
I,0.355,0.255,0.08,0.187,0.078,0.0505,0.058,7
I,0.36,0.26,0.08,0.1795,0.074,0.0315,0.06,5
I,0.37,0.275,0.09,0.2065,0.096,0.0395,0.058,7
I,0.375,0.29,0.14,0.3,0.14,0.0625,0.0825,8
I,0.375,0.275,0.095,0.2295,0.095,0.0545,0.066,7
I,0.385,0.3,0.125,0.343,0.1705,0.0735,0.081,7
I,0.385,0.285,0.085,0.244,0.1215,0.0445,0.068,8
I,0.395,0.32,0.1,0.3075,0.149,0.0535,0.09,8
I,0.4,0.305,0.1,0.3415,0.176,0.0625,0.0865,7
I,0.405,0.305,0.1,0.271,0.0965,0.061,0.091,7
I,0.405,0.305,0.1,0.268,0.1145,0.053,0.085,7
I,0.405,0.3,0.09,0.2885,0.138,0.0635,0.0765,6
I,0.41,0.315,0.1,0.3,0.124,0.0575,0.1,8
I,0.41,0.325,0.11,0.326,0.1325,0.075,0.101,8
I,0.415,0.335,0.1,0.358,0.169,0.067,0.105,7
I,0.42,0.325,0.115,0.314,0.1295,0.0635,0.1,8
I,0.42,0.315,0.11,0.4025,0.1855,0.083,0.1015,8
I,0.43,0.34,0.11,0.3645,0.159,0.0855,0.105,7
I,0.445,0.36,0.11,0.4235,0.182,0.0765,0.14,9
M,0.45,0.325,0.115,0.4305,0.2235,0.0785,0.1155,8
I,0.45,0.335,0.095,0.3505,0.1615,0.0625,0.1185,7
I,0.455,0.34,0.115,0.486,0.261,0.0655,0.1315,8
I,0.46,0.35,0.1,0.471,0.252,0.077,0.123,8
I,0.46,0.345,0.105,0.415,0.187,0.087,0.11,8
I,0.475,0.355,0.115,0.5195,0.279,0.088,0.1325,7
I,0.485,0.365,0.14,0.4475,0.1895,0.0925,0.2305,8
I,0.505,0.385,0.125,0.596,0.245,0.097,0.21,9
I,0.505,0.38,0.135,0.5385,0.2645,0.095,0.165,9
I,0.515,0.39,0.11,0.531,0.2415,0.098,0.1615,8
I,0.24,0.17,0.05,0.0545,0.0205,0.016,0.0155,5
I,0.255,0.195,0.055,0.0725,0.0285,0.017,0.021,4
I,0.275,0.2,0.055,0.0925,0.038,0.021,0.026,4
I,0.32,0.235,0.09,0.183,0.098,0.0335,0.042,7
I,0.325,0.24,0.075,0.1525,0.072,0.0645,0.043,6
I,0.33,0.225,0.075,0.187,0.0945,0.0395,0.0425,7
I,0.36,0.27,0.09,0.232,0.12,0.0435,0.056,8
I,0.375,0.265,0.095,0.196,0.085,0.042,0.0585,5
I,0.375,0.285,0.09,0.2545,0.119,0.0595,0.0675,6
I,0.39,0.29,0.09,0.2625,0.117,0.054,0.077,7
I,0.45,0.335,0.105,0.362,0.1575,0.0795,0.1095,7
I,0.31,0.23,0.07,0.1245,0.0505,0.0265,0.038,6
I,0.315,0.235,0.075,0.1285,0.051,0.028,0.0405,4
I,0.32,0.205,0.08,0.181,0.088,0.034,0.0495,5
I,0.325,0.25,0.075,0.1585,0.075,0.0305,0.0455,6
I,0.335,0.26,0.09,0.1965,0.0875,0.041,0.056,7
I,0.37,0.28,0.085,0.198,0.0805,0.0455,0.058,5
I,0.37,0.27,0.09,0.1855,0.07,0.0425,0.065,7
I,0.375,0.28,0.085,0.2145,0.0855,0.0485,0.072,7
I,0.4,0.315,0.09,0.3245,0.151,0.073,0.088,8
I,0.41,0.305,0.095,0.2625,0.1,0.0515,0.09,6
I,0.425,0.34,0.1,0.371,0.15,0.0865,0.115,8
I,0.435,0.335,0.095,0.298,0.109,0.058,0.115,7
I,0.445,0.31,0.09,0.336,0.1555,0.09,0.0855,7
I,0.46,0.36,0.14,0.447,0.161,0.087,0.16,9
M,0.505,0.365,0.115,0.521,0.25,0.096,0.15,8
I,0.32,0.215,0.095,0.305,0.14,0.067,0.0885,6
I,0.43,0.33,0.1,0.449,0.254,0.0825,0.097,6
I,0.255,0.185,0.065,0.074,0.0305,0.0165,0.02,4
I,0.375,0.26,0.08,0.2075,0.09,0.0415,0.07,6
I,0.375,0.285,0.09,0.237,0.106,0.0395,0.08,8
I,0.39,0.3,0.1,0.2665,0.1105,0.059,0.084,7
I,0.39,0.28,0.09,0.215,0.0845,0.034,0.079,8
I,0.395,0.3,0.09,0.253,0.1155,0.05,0.075,6
I,0.42,0.32,0.11,0.309,0.115,0.0645,0.0945,6
I,0.435,0.335,0.105,0.3535,0.156,0.05,0.1135,7
I,0.435,0.325,0.105,0.335,0.136,0.065,0.115,8
I,0.44,0.32,0.105,0.3875,0.1755,0.074,0.12,9
I,0.45,0.33,0.115,0.365,0.14,0.0825,0.1245,8
I,0.45,0.34,0.125,0.4045,0.171,0.07,0.1345,8
I,0.455,0.355,0.105,0.372,0.138,0.0765,0.135,9
I,0.46,0.37,0.11,0.3965,0.1485,0.0855,0.1455,8
I,0.475,0.375,0.11,0.456,0.182,0.099,0.16,9
I,0.495,0.33,0.1,0.44,0.177,0.095,0.15,7
I,0.225,0.17,0.05,0.0515,0.019,0.012,0.017,4
I,0.23,0.17,0.05,0.057,0.026,0.013,0.016,5
I,0.255,0.185,0.06,0.0925,0.039,0.021,0.025,6
I,0.355,0.27,0.075,0.204,0.3045,0.046,0.0595,7
I,0.425,0.31,0.095,0.3075,0.139,0.0745,0.093,7
I,0.425,0.32,0.085,0.262,0.1235,0.067,0.0725,8
I,0.29,0.215,0.06,0.1115,0.053,0.0185,0.032,5
I,0.3,0.22,0.065,0.1235,0.059,0.026,0.0315,5
I,0.37,0.275,0.1,0.2815,0.1505,0.0505,0.068,5
I,0.375,0.285,0.08,0.226,0.0975,0.04,0.0725,7
I,0.38,0.29,0.085,0.2285,0.088,0.0465,0.075,7
I,0.395,0.3,0.12,0.2995,0.1265,0.068,0.0895,8
I,0.41,0.325,0.105,0.361,0.1605,0.0665,0.103,8
I,0.415,0.32,0.115,0.3045,0.1215,0.0735,0.094,7
I,0.425,0.325,0.105,0.3975,0.1815,0.081,0.1175,7
I,0.44,0.34,0.1,0.379,0.1725,0.0815,0.101,7
I,0.44,0.34,0.12,0.4995,0.2965,0.0945,0.1185,6
F,0.47,0.36,0.1,0.4705,0.1635,0.089,0.1385,8
M,0.465,0.36,0.105,0.488,0.188,0.0845,0.19,10
I,0.335,0.26,0.09,0.1835,0.078,0.024,0.065,11
I,0.18,0.135,0.08,0.033,0.0145,0.007,0.01,5
I,0.215,0.165,0.055,0.059,0.0265,0.0125,0.0185,5
I,0.2,0.15,0.04,0.046,0.021,0.007,0.0065,4
M,0.425,0.335,0.1,0.4085,0.1755,0.092,0.135,9
F,0.43,0.35,0.09,0.397,0.1575,0.089,0.12,9
F,0.34,0.255,0.085,0.204,0.097,0.021,0.05,6
I,0.275,0.2,0.065,0.1165,0.0565,0.013,0.035,7
F,0.335,0.22,0.07,0.17,0.076,0.0365,0.05,6
M,0.35,0.265,0.09,0.2265,0.0995,0.0575,0.065,6
M,0.45,0.355,0.12,0.3955,0.147,0.0765,0.145,9
M,0.38,0.3,0.1,0.2505,0.106,0.0535,0.0775,8
I,0.27,0.195,0.07,0.102,0.045,0.0135,0.034,8
F,0.37,0.295,0.1,0.2685,0.1165,0.056,0.0835,7
M,0.5,0.385,0.135,0.551,0.2245,0.0715,0.206,11
I,0.2,0.145,0.025,0.0345,0.011,0.0075,0.01,5
I,0.325,0.245,0.075,0.1495,0.0605,0.033,0.045,5
I,0.31,0.235,0.075,0.1515,0.056,0.0315,0.05,7
F,0.385,0.3,0.1,0.2725,0.1115,0.057,0.08,6
M,0.335,0.265,0.095,0.1975,0.0795,0.0375,0.07,9
I,0.295,0.215,0.075,0.116,0.037,0.0295,0.04,8
I,0.32,0.25,0.08,0.1565,0.057,0.034,0.06,9
I,0.43,0.34,0.125,0.384,0.1375,0.061,0.146,14
M,0.425,0.34,0.12,0.388,0.149,0.087,0.125,10
M,0.385,0.305,0.09,0.2775,0.109,0.0515,0.1,9
I,0.44,0.35,0.12,0.375,0.1425,0.0965,0.115,9
M,0.41,0.325,0.12,0.3745,0.158,0.081,0.125,12
I,0.345,0.285,0.1,0.2225,0.0865,0.058,0.075,8
M,0.3,0.24,0.09,0.161,0.0725,0.039,0.05,6
I,0.43,0.35,0.105,0.366,0.1705,0.0855,0.11,6
I,0.3,0.23,0.075,0.15,0.0605,0.042,0.045,5
M,0.41,0.31,0.125,0.3595,0.1415,0.0885,0.115,11
M,0.46,0.355,0.11,0.415,0.215,0.082,0.13,12
M,0.485,0.385,0.125,0.4775,0.2,0.0785,0.17,12
I,0.41,0.3,0.115,0.2595,0.097,0.0515,0.08,10
M,0.275,0.2,0.08,0.099,0.037,0.024,0.03,5
M,0.4,0.31,0.11,0.314,0.138,0.057,0.1,11
M,0.35,0.26,0.09,0.195,0.0745,0.041,0.0655,9
M,0.44,0.35,0.14,0.451,0.171,0.0705,0.184,16
M,0.265,0.2,0.065,0.084,0.034,0.0105,0.03,7
M,0.165,0.125,0.04,0.0245,0.0095,0.0045,0.008,4
F,0.395,0.3,0.105,0.3375,0.1435,0.0755,0.098,12
I,0.375,0.28,0.1,0.2565,0.1165,0.0585,0.0725,12
M,0.345,0.265,0.09,0.163,0.0615,0.037,0.0485,10
F,0.385,0.305,0.125,0.314,0.146,0.0555,0.08,10
I,0.44,0.34,0.125,0.4895,0.1735,0.0875,0.2,13
I,0.45,0.36,0.125,0.45,0.191,0.0865,0.145,12
I,0.39,0.3,0.105,0.259,0.0955,0.038,0.085,8
F,0.425,0.325,0.135,0.382,0.1465,0.079,0.14,12
F,0.45,0.35,0.125,0.4435,0.185,0.09,0.145,11
M,0.43,0.33,0.095,0.34,0.1315,0.085,0.112,14
F,0.455,0.365,0.11,0.385,0.166,0.046,0.1345,13
I,0.495,0.38,0.145,0.515,0.175,0.098,0.212,13
I,0.47,0.4,0.16,0.51,0.1615,0.073,0.198,14
M,0.415,0.32,0.1,0.3005,0.1215,0.0575,0.104,11
I,0.445,0.345,0.13,0.4075,0.1365,0.0645,0.18,11
F,0.455,0.36,0.11,0.4385,0.206,0.098,0.125,10
I,0.435,0.34,0.11,0.407,0.1685,0.073,0.13,10
I,0.39,0.3,0.1,0.3085,0.1385,0.0735,0.085,6
I,0.375,0.285,0.1,0.239,0.105,0.0555,0.07,8
M,0.285,0.215,0.075,0.106,0.0415,0.023,0.035,5
M,0.41,0.315,0.095,0.306,0.121,0.0735,0.09,9
M,0.41,0.3,0.1,0.301,0.124,0.069,0.09,9
M,0.33,0.245,0.085,0.171,0.0655,0.0365,0.055,11
I,0.44,0.31,0.115,0.3625,0.134,0.082,0.12,11
M,0.28,0.21,0.065,0.0905,0.035,0.02,0.03,5
M,0.33,0.235,0.09,0.163,0.0615,0.034,0.055,10
I,0.44,0.33,0.135,0.522,0.17,0.0905,0.195,16
I,0.31,0.235,0.09,0.127,0.048,0.031,0.04,6
I,0.255,0.19,0.07,0.0815,0.028,0.016,0.031,5
M,0.335,0.255,0.075,0.1635,0.0615,0.0345,0.057,8
I,0.295,0.21,0.08,0.1,0.038,0.026,0.031,8
I,0.19,0.13,0.045,0.0265,0.009,0.005,0.009,5
F,0.305,0.225,0.07,0.1485,0.0585,0.0335,0.045,7
M,0.365,0.285,0.085,0.2205,0.0855,0.0515,0.07,9
I,0.35,0.265,0.11,0.209,0.066,0.059,0.075,9
M,0.37,0.28,0.105,0.224,0.0815,0.0575,0.075,8
I,0.34,0.25,0.075,0.1765,0.0785,0.0405,0.05,7
I,0.35,0.28,0.075,0.196,0.082,0.04,0.064,8
I,0.35,0.265,0.08,0.192,0.081,0.0465,0.053,6
I,0.39,0.315,0.09,0.3095,0.147,0.05,0.09,7
I,0.395,0.31,0.095,0.313,0.131,0.072,0.093,7
I,0.415,0.31,0.105,0.3595,0.167,0.083,0.0915,6
I,0.43,0.32,0.1,0.3855,0.192,0.0745,0.1,7
I,0.25,0.18,0.065,0.0805,0.0345,0.0185,0.0215,4
I,0.28,0.21,0.065,0.111,0.0425,0.0285,0.03,6
I,0.325,0.24,0.075,0.152,0.065,0.0305,0.045,6
I,0.35,0.265,0.095,0.199,0.073,0.049,0.06,5
I,0.36,0.27,0.09,0.219,0.097,0.0405,0.065,6
I,0.365,0.27,0.105,0.2155,0.0915,0.0475,0.063,6
I,0.37,0.28,0.09,0.2565,0.1255,0.0645,0.0645,6
I,0.375,0.285,0.09,0.257,0.1045,0.062,0.075,7
I,0.38,0.275,0.095,0.2505,0.0945,0.0655,0.075,6
I,0.395,0.3,0.09,0.279,0.134,0.049,0.075,8
I,0.43,0.335,0.105,0.378,0.188,0.0785,0.09,6
I,0.44,0.35,0.125,0.456,0.21,0.0955,0.131,8
I,0.165,0.12,0.05,0.021,0.0075,0.0045,0.014,3
I,0.21,0.15,0.055,0.0455,0.02,0.0065,0.013,4
I,0.355,0.265,0.085,0.2435,0.122,0.0525,0.06,6
I,0.4,0.315,0.085,0.2675,0.116,0.0585,0.0765,6
I,0.4,0.29,0.1,0.258,0.104,0.059,0.0815,7
I,0.4,0.3,0.11,0.2985,0.1375,0.071,0.075,6
I,0.435,0.335,0.11,0.411,0.2025,0.0945,0.1,7
I,0.44,0.33,0.11,0.38,0.197,0.079,0.09,7
I,0.45,0.34,0.105,0.4385,0.21,0.0925,0.12,8
I,0.465,0.345,0.105,0.4015,0.242,0.0345,0.109,6
I,0.47,0.355,0.115,0.4155,0.167,0.084,0.139,7
I,0.215,0.15,0.055,0.041,0.015,0.009,0.0125,3
I,0.24,0.185,0.06,0.0655,0.0295,0.0005,0.02,4
I,0.26,0.205,0.07,0.097,0.0415,0.019,0.0305,4
I,0.32,0.24,0.085,0.131,0.0615,0.0265,0.038,6
I,0.33,0.23,0.085,0.1695,0.079,0.026,0.0505,6
I,0.335,0.26,0.085,0.192,0.097,0.03,0.054,6
I,0.35,0.26,0.09,0.1765,0.072,0.0355,0.0575,7
I,0.35,0.265,0.085,0.1735,0.0775,0.034,0.056,6
I,0.36,0.265,0.075,0.1785,0.0785,0.035,0.054,6
I,0.36,0.265,0.09,0.2055,0.096,0.037,0.0585,7
I,0.365,0.275,0.09,0.2345,0.108,0.051,0.0625,7
I,0.38,0.285,0.09,0.2305,0.1005,0.039,0.0775,7
I,0.4,0.31,0.115,0.314,0.1545,0.0595,0.087,6
I,0.4,0.315,0.09,0.33,0.151,0.068,0.08,6
I,0.4,0.265,0.1,0.2775,0.1245,0.0605,0.08,9
I,0.425,0.325,0.11,0.405,0.1695,0.092,0.1065,8
I,0.43,0.325,0.105,0.309,0.119,0.08,0.098,6
M,0.435,0.335,0.11,0.4385,0.2075,0.0715,0.1315,7
I,0.435,0.34,0.12,0.396,0.1775,0.081,0.125,8
I,0.445,0.355,0.095,0.3615,0.1415,0.0785,0.12,8
I,0.455,0.435,0.11,0.4265,0.195,0.09,0.1205,8
I,0.46,0.34,0.09,0.384,0.1795,0.068,0.11,8
I,0.475,0.36,0.135,0.4355,0.196,0.0925,0.125,8
I,0.475,0.35,0.115,0.498,0.2375,0.099,0.14,7
I,0.48,0.355,0.125,0.494,0.2385,0.0835,0.15,9
I,0.175,0.125,0.04,0.028,0.0095,0.008,0.009,4
I,0.37,0.285,0.095,0.226,0.1135,0.0515,0.0675,8
I,0.395,0.3,0.09,0.2855,0.1385,0.0625,0.077,5
I,0.42,0.325,0.11,0.325,0.1245,0.0755,0.1025,7
I,0.27,0.205,0.05,0.084,0.03,0.0185,0.029,6
I,0.285,0.225,0.07,0.1005,0.0425,0.0185,0.035,7
I,0.295,0.22,0.085,0.1285,0.0585,0.027,0.0365,5
I,0.3,0.225,0.075,0.1345,0.057,0.028,0.044,5
I,0.3,0.22,0.065,0.1195,0.052,0.0155,0.035,5
I,0.36,0.265,0.085,0.1895,0.0725,0.0515,0.055,6
I,0.37,0.275,0.095,0.257,0.1015,0.055,0.0825,6
I,0.39,0.29,0.09,0.2745,0.135,0.0455,0.078,8
I,0.435,0.325,0.1,0.342,0.1335,0.0835,0.105,6
I,0.44,0.34,0.105,0.344,0.123,0.081,0.125,8
I,0.44,0.32,0.095,0.3275,0.1495,0.059,0.1,8
I,0.445,0.345,0.12,0.4035,0.169,0.0825,0.13,7
I,0.465,0.37,0.115,0.4075,0.1515,0.0935,0.1455,9
I,0.465,0.355,0.12,0.4975,0.2375,0.099,0.14,8
I,0.47,0.345,0.12,0.3685,0.1525,0.0615,0.125,8
I,0.475,0.365,0.105,0.4175,0.1645,0.099,0.127,7
I,0.475,0.335,0.1,0.4425,0.1895,0.086,0.135,9
I,0.475,0.35,0.125,0.4225,0.1905,0.079,0.1355,9
I,0.485,0.365,0.125,0.426,0.163,0.0965,0.151,8
I,0.235,0.13,0.075,0.1585,0.0685,0.037,0.0465,5
I,0.35,0.25,0.1,0.4015,0.1725,0.063,0.1255,7
I,0.38,0.28,0.095,0.2885,0.165,0.0435,0.067,7
I,0.275,0.205,0.065,0.101,0.041,0.021,0.034,5
I,0.285,0.205,0.07,0.106,0.039,0.0285,0.034,5
I,0.36,0.265,0.085,0.1865,0.0675,0.037,0.0615,7
I,0.385,0.29,0.1,0.2575,0.1,0.061,0.086,6
I,0.4,0.315,0.1,0.3225,0.143,0.0735,0.091,6
I,0.43,0.33,0.095,0.32,0.118,0.065,0.123,7
I,0.435,0.375,0.11,0.4155,0.17,0.076,0.145,8
I,0.45,0.335,0.115,0.3935,0.195,0.071,0.11,7
I,0.475,0.355,0.135,0.4775,0.2145,0.09,0.1435,8
I,0.475,0.36,0.11,0.452,0.191,0.099,0.13,8
I,0.485,0.37,0.14,0.5065,0.2425,0.088,0.1465,8
I,0.205,0.155,0.045,0.0495,0.0235,0.011,0.014,3
I,0.305,0.23,0.075,0.1455,0.0595,0.0305,0.05,6
I,0.32,0.23,0.06,0.129,0.0615,0.0275,0.0355,7
I,0.355,0.27,0.1,0.2255,0.11,0.042,0.064,7
M,0.425,0.305,0.11,0.359,0.173,0.0875,0.0975,9
I,0.425,0.31,0.095,0.3505,0.1645,0.071,0.1,8
I,0.35,0.26,0.095,0.221,0.0985,0.043,0.07,8
I,0.38,0.275,0.095,0.2425,0.106,0.0485,0.21,6
I,0.46,0.34,0.1,0.386,0.1805,0.0875,0.0965,8
M,0.465,0.355,0.12,0.5315,0.2725,0.097,0.1395,8
M,0.475,0.385,0.12,0.562,0.289,0.0905,0.153,8
F,0.46,0.365,0.115,0.4485,0.165,0.083,0.17,14
M,0.335,0.26,0.075,0.22,0.0855,0.04,0.085,6
F,0.425,0.35,0.1,0.4425,0.175,0.0755,0.175,7
M,0.41,0.325,0.1,0.3555,0.146,0.072,0.105,9
I,0.17,0.105,0.035,0.034,0.012,0.0085,0.005,4
I,0.335,0.25,0.095,0.185,0.0795,0.0495,0.055,8
M,0.455,0.35,0.105,0.416,0.1625,0.097,0.145,11
I,0.37,0.275,0.085,0.2045,0.096,0.056,0.08,6
M,0.445,0.37,0.125,0.515,0.2495,0.087,0.159,9
M,0.385,0.3,0.115,0.3435,0.1645,0.085,0.1025,6
F,0.375,0.295,0.11,0.3005,0.1255,0.0575,0.1035,7
M,0.41,0.335,0.115,0.4405,0.19,0.085,0.135,8
I,0.335,0.255,0.085,0.1785,0.071,0.0405,0.055,9
I,0.32,0.235,0.065,0.1385,0.058,0.0225,0.05,5
F,0.44,0.34,0.135,0.3975,0.1505,0.0945,0.135,8
F,0.45,0.36,0.11,0.447,0.203,0.082,0.13,12
I,0.33,0.25,0.075,0.1405,0.056,0.035,0.05,5
M,0.295,0.225,0.09,0.1385,0.048,0.046,0.05,9
I,0.38,0.3,0.1,0.286,0.1305,0.056,0.09,7
I,0.29,0.225,0.075,0.152,0.071,0.059,0.045,9
I,0.41,0.33,0.105,0.335,0.1525,0.074,0.11,7
F,0.46,0.375,0.12,0.4915,0.2205,0.088,0.17,7
I,0.435,0.355,0.125,0.4075,0.1535,0.074,0.165,9
I,0.14,0.105,0.035,0.0145,0.005,0.0035,0.005,4
I,0.16,0.12,0.02,0.018,0.0075,0.0045,0.005,4
M,0.38,0.27,0.095,0.219,0.0835,0.0515,0.07,6
M,0.245,0.18,0.065,0.0635,0.0245,0.0135,0.02,4
M,0.455,0.355,0.135,0.4745,0.1865,0.0935,0.168,13
I,0.355,0.27,0.1,0.216,0.083,0.037,0.075,10
M,0.295,0.23,0.085,0.125,0.042,0.0285,0.043,8
M,0.375,0.28,0.095,0.2225,0.0875,0.043,0.08,10
M,0.395,0.28,0.08,0.266,0.0995,0.066,0.09,12
I,0.235,0.18,0.06,0.058,0.022,0.0145,0.018,6
I,0.235,0.175,0.08,0.0645,0.0215,0.0175,0.0215,5
F,0.35,0.275,0.065,0.205,0.0745,0.0465,0.07,10
I,0.235,0.175,0.065,0.0615,0.0205,0.02,0.019,6
I,0.315,0.235,0.08,0.18,0.08,0.045,0.047,5
I,0.465,0.355,0.12,0.5805,0.255,0.0915,0.184,8
I,0.27,0.205,0.075,0.118,0.059,0.031,0.0305,4
I,0.27,0.19,0.06,0.099,0.0445,0.017,0.03,5
I,0.295,0.22,0.07,0.1365,0.0575,0.0295,0.035,6
I,0.295,0.22,0.065,0.1295,0.052,0.028,0.035,6
I,0.315,0.23,0.07,0.164,0.0625,0.04,0.045,6
I,0.375,0.29,0.095,0.2875,0.123,0.0605,0.08,6
I,0.38,0.3,0.09,0.277,0.1655,0.0625,0.082,6
I,0.385,0.285,0.09,0.248,0.0935,0.066,0.07,6
I,0.4,0.295,0.095,0.252,0.1105,0.0575,0.066,6
M,0.415,0.315,0.12,0.4015,0.199,0.087,0.097,8
I,0.415,0.33,0.1,0.3905,0.1925,0.0755,0.1025,7
I,0.42,0.32,0.115,0.409,0.2055,0.0935,0.105,8
I,0.45,0.35,0.135,0.494,0.2205,0.0945,0.1405,7
I,0.185,0.135,0.045,0.032,0.011,0.0065,0.01,4
I,0.245,0.175,0.055,0.0785,0.04,0.018,0.02,5
I,0.315,0.23,0,0.134,0.0575,0.0285,0.3505,6
I,0.36,0.27,0.09,0.2075,0.098,0.039,0.062,6
I,0.375,0.28,0.08,0.2235,0.115,0.043,0.055,6
I,0.415,0.31,0.095,0.34,0.181,0.057,0.083,6
I,0.455,0.35,0.135,0.5365,0.2855,0.0855,0.1325,7
I,0.275,0.2,0.07,0.096,0.037,0.0225,0.03,6
I,0.33,0.245,0.065,0.1445,0.058,0.032,0.0505,6
I,0.33,0.26,0.085,0.1965,0.0915,0.0425,0.055,7
I,0.365,0.28,0.09,0.196,0.0865,0.036,0.0605,7
I,0.365,0.27,0.09,0.2155,0.1005,0.049,0.0655,6
I,0.42,0.31,0.1,0.2805,0.1125,0.0615,0.0925,8
I,0.435,0.335,0.11,0.334,0.1355,0.0775,0.0965,7
I,0.435,0.325,0.1,0.366,0.174,0.0725,0.109,7
I,0.37,0.275,0.08,0.2325,0.093,0.056,0.072,6
I,0.395,0.31,0.085,0.317,0.153,0.0505,0.0935,7
I,0.4,0.3,0.115,0.318,0.1335,0.0725,0.0935,6
I,0.41,0.305,0.1,0.2645,0.1,0.0655,0.085,7
I,0.455,0.335,0.105,0.4055,0.175,0.092,0.1185,8
I,0.485,0.375,0.11,0.464,0.2015,0.09,0.149,8
I,0.42,0.305,0.1,0.3415,0.1645,0.0775,0.086,7
I,0.3,0.215,0.05,0.1185,0.048,0.0225,0.042,4
M,0.35,0.265,0.09,0.197,0.073,0.0365,0.077,7
I,0.455,0.35,0.13,0.4725,0.215,0.0745,0.15,9
I,0.28,0.215,0.07,0.124,0.063,0.0215,0.03,6
I,0.33,0.23,0.08,0.14,0.0565,0.0365,0.046,7
I,0.35,0.25,0.075,0.1695,0.0835,0.0355,0.041,6
I,0.37,0.28,0.09,0.218,0.0995,0.0545,0.0615,7
I,0.43,0.315,0.115,0.384,0.1885,0.0715,0.11,8
I,0.435,0.33,0.095,0.393,0.219,0.075,0.0885,6
I,0.44,0.35,0.11,0.3805,0.1575,0.0895,0.115,6
I,0.48,0.355,0.11,0.4495,0.201,0.089,0.14,8
M,0.385,0.255,0.1,0.3175,0.137,0.068,0.092,8
I,0.39,0.31,0.085,0.344,0.181,0.0695,0.079,7
I,0.39,0.29,0.1,0.2845,0.1255,0.0635,0.081,7
I,0.405,0.3,0.085,0.3035,0.15,0.0505,0.088,7
I,0.475,0.365,0.115,0.499,0.232,0.0885,0.156,10
