M,0.455,0.365,0.095,0.514,0.2245,0.101,0.15,15
F,0.53,0.42,0.135,0.677,0.2565,0.1415,0.21,9
M,0.44,0.365,0.125,0.516,0.2155,0.114,0.155,10
F,0.53,0.415,0.15,0.7775,0.237,0.1415,0.33,20
F,0.545,0.425,0.125,0.768,0.294,0.1495,0.26,16
M,0.475,0.37,0.125,0.5095,0.2165,0.1125,0.165,9
F,0.55,0.44,0.15,0.8945,0.3145,0.151,0.32,19
F,0.525,0.38,0.14,0.6065,0.194,0.1475,0.21,14
F,0.535,0.405,0.145,0.6845,0.2725,0.171,0.205,10
M,0.5,0.4,0.13,0.6645,0.258,0.133,0.24,12
F,0.56,0.44,0.14,0.9285,0.3825,0.188,0.3,11
M,0.465,0.355,0.105,0.4795,0.227,0.124,0.125,8
F,0.45,0.355,0.105,0.5225,0.237,0.1165,0.145,8
F,0.55,0.425,0.135,0.8515,0.362,0.196,0.27,14
F,0.46,0.375,0.12,0.4605,0.1775,0.11,0.15,7
I,0.52,0.41,0.12,0.595,0.2385,0.111,0.19,8
F,0.47,0.36,0.12,0.4775,0.2105,0.1055,0.15,10
F,0.5,0.4,0.14,0.6615,0.2565,0.1755,0.22,8
M,0.47,0.385,0.135,0.5895,0.2765,0.12,0.17,8
F,0.505,0.4,0.125,0.583,0.246,0.13,0.175,7
M,0.45,0.345,0.105,0.4115,0.18,0.1125,0.135,7
M,0.505,0.405,0.11,0.625,0.305,0.16,0.175,9
F,0.53,0.41,0.13,0.6965,0.302,0.1935,0.2,10
M,0.52,0.4,0.12,0.58,0.234,0.1315,0.185,8
M,0.475,0.355,0.12,0.48,0.234,0.1015,0.135,8
F,0.565,0.44,0.16,0.915,0.354,0.1935,0.32,12
F,0.475,0.39,0.12,0.5305,0.2135,0.1155,0.17,10
M,0.555,0.425,0.13,0.7665,0.264,0.168,0.275,13
M,0.595,0.475,0.14,0.944,0.3625,0.189,0.315,9
F,0.6,0.47,0.15,0.922,0.363,0.194,0.305,10
F,0.555,0.425,0.14,0.788,0.282,0.1595,0.285,11
M,0.62,0.51,0.175,1.615,0.5105,0.192,0.675,12
F,0.46,0.355,0.13,0.517,0.2205,0.114,0.165,9
M,0.565,0.425,0.135,0.8115,0.341,0.1675,0.255,15
M,0.555,0.44,0.15,0.755,0.307,0.1525,0.26,12
M,0.535,0.435,0.15,0.725,0.269,0.1385,0.25,9
M,0.47,0.375,0.13,0.523,0.214,0.132,0.145,8
M,0.47,0.37,0.13,0.5225,0.201,0.133,0.165,7
M,0.55,0.435,0.145,0.843,0.328,0.1915,0.255,15
M,0.53,0.435,0.16,0.883,0.316,0.164,0.335,15
M,0.53,0.415,0.14,0.724,0.3105,0.1675,0.205,10
F,0.52,0.41,0.155,0.727,0.291,0.1835,0.235,12
F,0.545,0.43,0.165,0.802,0.2935,0.183,0.28,11
F,0.5,0.4,0.125,0.6675,0.261,0.1315,0.22,10
F,0.51,0.39,0.135,0.6335,0.231,0.179,0.2,9
M,0.495,0.395,0.125,0.5415,0.2375,0.1345,0.155,9
M,0.465,0.36,0.105,0.431,0.172,0.107,0.175,9
F,0.545,0.41,0.125,0.6935,0.2975,0.146,0.21,11
F,0.53,0.415,0.115,0.5915,0.233,0.1585,0.18,11
F,0.49,0.375,0.135,0.6125,0.2555,0.102,0.22,11
F,0.56,0.43,0.15,0.8825,0.3465,0.172,0.31,9
F,0.47,0.365,0.105,0.4205,0.163,0.1035,0.14,9
F,0.515,0.425,0.14,0.766,0.304,0.1725,0.255,14
F,0.55,0.45,0.145,0.741,0.295,0.1435,0.2665,10
M,0.56,0.455,0.155,0.797,0.34,0.19,0.2425,11
M,0.475,0.375,0.13,0.5175,0.2075,0.1165,0.17,10
F,0.49,0.38,0.125,0.549,0.245,0.1075,0.174,10
M,0.46,0.35,0.12,0.515,0.224,0.108,0.1565,10
F,0.565,0.45,0.135,0.9885,0.387,0.1495,0.31,12
M,0.515,0.405,0.13,0.722,0.32,0.131,0.21,10
F,0.575,0.46,0.165,1.124,0.2985,0.1785,0.44,13
F,0.53,0.395,0.145,0.775,0.308,0.169,0.255,7
F,0.52,0.405,0.115,0.776,0.32,0.1845,0.22,8
M,0.58,0.45,0.15,0.927,0.276,0.1815,0.36,14
F,0.51,0.4,0.14,0.8145,0.459,0.1965,0.195,10
M,0.5,0.405,0.155,0.772,0.346,0.1535,0.245,12
F,0.505,0.41,0.15,0.644,0.285,0.145,0.21,11
M,0.56,0.45,0.16,0.922,0.432,0.178,0.26,15
F,0.5,0.4,0.145,0.63,0.234,0.1465,0.23,12
F,0.53,0.435,0.17,0.8155,0.2985,0.155,0.275,13
F,0.44,0.34,0.14,0.482,0.186,0.1085,0.16,9
F,0.525,0.415,0.17,0.8325,0.2755,0.1685,0.31,13
F,0.49,0.365,0.145,0.6345,0.1995,0.1625,0.22,10
M,0.5,0.405,0.14,0.6155,0.241,0.1355,0.205,9
F,0.485,0.395,0.16,0.66,0.2475,0.128,0.235,14
M,0.55,0.405,0.14,0.8025,0.244,0.1635,0.255,10
M,0.45,0.35,0.13,0.46,0.174,0.111,0.135,8
M,0.47,0.36,0.135,0.501,0.1665,0.115,0.165,10
F,0.445,0.325,0.125,0.455,0.1785,0.1125,0.14,9
F,0.47,0.35,0.145,0.5175,0.187,0.1235,0.18,11
F,0.49,0.375,0.15,0.5755,0.22,0.144,0.19,9
F,0.445,0.355,0.15,0.485,0.181,0.125,0.155,11
F,0.5,0.37,0.135,0.45,0.1715,0.1055,0.155,9
F,0.53,0.415,0.16,0.783,0.2935,0.158,0.245,15
M,0.555,0.445,0.135,0.836,0.336,0.1625,0.275,13
M,0.565,0.44,0.175,0.9025,0.31,0.193,0.325,14
M,0.56,0.45,0.185,1.07,0.3805,0.175,0.41,19
M,0.545,0.46,0.16,0.8975,0.341,0.1655,0.345,10
F,0.54,0.475,0.155,0.928,0.394,0.194,0.26,11
F,0.57,0.44,0.125,0.865,0.3675,0.1725,0.27,12
F,0.46,0.38,0.13,0.639,0.3,0.1525,0.16,11
M,0.52,0.45,0.15,0.895,0.3615,0.186,0.235,14
F,0.45,0.36,0.125,0.4995,0.2035,0.1,0.17,13
M,0.63,0.515,0.155,1.259,0.4105,0.197,0.41,13
F,0.515,0.425,0.135,0.712,0.2665,0.1605,0.25,11
F,0.535,0.415,0.185,0.8415,0.314,0.1585,0.3,15
F,0.455,0.355,0.12,0.4495,0.177,0.104,0.15,9
M,0.485,0.395,0.14,0.6295,0.2285,0.127,0.225,14
M,0.515,0.38,0.175,0.9565,0.325,0.158,0.31,14
F,0.535,0.415,0.17,0.879,0.295,0.1965,0.285,10
M,0.53,0.435,0.155,0.699,0.288,0.1595,0.205,10
F,0.495,0.4,0.155,0.6445,0.242,0.1325,0.205,17
F,0.535,0.435,0.16,0.8105,0.3155,0.1795,0.24,10
M,0.6,0.495,0.195,1.0575,0.384,0.19,0.375,26
M,0.49,0.395,0.14,0.549,0.2215,0.1275,0.15,11
F,0.54,0.435,0.175,0.892,0.322,0.174,0.335,13
F,0.47,0.36,0.13,0.472,0.182,0.114,0.15,10
M,0.55,0.41,0.125,0.7605,0.2505,0.1635,0.195,14
M,0.45,0.35,0.1,0.3675,0.1465,0.1015,0.12,10
F,0.58,0.455,0.155,0.8365,0.315,0.1385,0.32,18
M,0.51,0.4,0.13,0.6435,0.27,0.1665,0.205,12
M,0.5,0.38,0.155,0.5955,0.2135,0.161,0.2,12
F,0.505,0.375,0.18,0.568,0.2325,0.1495,0.17,12
F,0.46,0.425,0.155,0.746,0.3005,0.152,0.24,8
F,0.525,0.42,0.16,0.756,0.2745,0.173,0.275,9
F,0.585,0.45,0.17,0.8685,0.3325,0.1635,0.27,22
M,0.58,0.465,0.145,0.887,0.4405,0.1655,0.265,11
M,0.565,0.465,0.175,0.995,0.3895,0.183,0.37,15
M,0.535,0.42,0.145,0.791,0.33,0.189,0.25,10
M,0.485,0.4,0.135,0.663,0.313,0.137,0.2,10
M,0.47,0.375,0.12,0.5565,0.226,0.122,0.195,12
F,0.455,0.37,0.105,0.4925,0.216,0.1245,0.135,9
M,0.54,0.42,0.155,0.7385,0.3515,0.152,0.215,12
M,0.46,0.38,0.135,0.482,0.207,0.1225,0.145,10
M,0.49,0.42,0.125,0.609,0.239,0.1435,0.22,14
I,0.465,0.375,0.12,0.471,0.222,0.119,0.14,9
M,0.475,0.375,0.125,0.593,0.277,0.115,0.18,10
F,0.47,0.375,0.125,0.5615,0.252,0.137,0.18,10
F,0.5,0.395,0.14,0.7155,0.3165,0.176,0.24,10
M,0.47,0.38,0.145,0.5865,0.2385,0.144,0.185,8
M,0.535,0.44,0.15,0.6765,0.256,0.139,0.26,12
F,0.485,0.365,0.12,0.5885,0.27,0.131,0.175,9
M,0.515,0.455,0.135,0.7225,0.295,0.1625,0.235,9
F,0.515,0.415,0.14,0.6935,0.3115,0.152,0.2,10
F,0.525,0.44,0.15,0.8425,0.3685,0.1985,0.24,12
M,0.45,0.355,0.115,0.479,0.2125,0.1045,0.15,8
M,0.59,0.485,0.12,0.911,0.39,0.182,0.29,16
M,0.545,0.44,0.12,0.8565,0.3475,0.1715,0.24,12
F,0.63,0.5,0.155,1.005,0.367,0.199,0.36,16
M,0.545,0.41,0.14,0.625,0.223,0.16,0.235,13
I,0.49,0.38,0.12,0.529,0.2165,0.139,0.155,11
F,0.49,0.39,0.135,0.5785,0.2465,0.123,0.2,13
M,0.6,0.5,0.16,1.015,0.3995,0.1735,0.33,19
F,0.56,0.455,0.125,0.943,0.344,0.129,0.375,21
F,0.575,0.45,0.17,1.0475,0.3775,0.1705,0.385,18
F,0.57,0.45,0.175,0.9555,0.38,0.1665,0.295,18
M,0.6,0.47,0.155,1.036,0.4375,0.196,0.325,20
M,0.565,0.455,0.17,0.9065,0.342,0.156,0.32,18
M,0.545,0.42,0.14,0.7505,0.2475,0.13,0.255,22
M,0.5,0.41,0.15,0.662,0.2815,0.137,0.22,11
M,0.5,0.415,0.165,0.6885,0.249,0.138,0.25,13
F,0.505,0.425,0.14,0.85,0.275,0.1625,0.285,19
F,0.56,0.455,0.19,0.714,0.283,0.129,0.275,9
M,0.565,0.435,0.185,0.9815,0.329,0.136,0.39,13
M,0.565,0.455,0.185,0.9265,0.354,0.1575,0.375,16
F,0.565,0.455,0.15,0.8205,0.365,0.159,0.26,18
M,0.575,0.47,0.14,0.8375,0.3485,0.1735,0.24,11
F,0.525,0.41,0.135,0.7085,0.293,0.1525,0.235,11
F,0.53,0.44,0.135,0.7835,0.313,0.1715,0.2185,9
F,0.515,0.405,0.12,0.646,0.2895,0.1405,0.177,10
F,0.52,0.405,0.12,0.627,0.2645,0.1415,0.181,11
F,0.545,0.415,0.16,0.7715,0.272,0.1455,0.2765,10
M,0.53,0.415,0.175,0.7395,0.261,0.1395,0.2645,17
M,0.57,0.465,0.125,0.849,0.3785,0.1765,0.24,15
F,0.585,0.465,0.14,0.908,0.381,0.1615,0.315,13
M,0.54,0.42,0.135,0.8075,0.3485,0.1795,0.235,11
M,0.59,0.455,0.145,1.073,0.475,0.19,0.285,14
M,0.58,0.46,0.13,0.921,0.357,0.181,0.29,13
F,0.58,0.44,0.18,0.854,0.3665,0.1635,0.245,12
M,0.56,0.46,0.235,0.8395,0.3325,0.157,0.305,12
F,0.455,0.35,0.14,0.5185,0.221,0.1265,0.135,10
F,0.49,0.38,0.145,0.6725,0.249,0.181,0.21,10
F,0.57,0.445,0.155,0.733,0.282,0.159,0.235,14
I,0.53,0.42,0.185,0.752,0.299,0.156,0.205,20
F,0.46,0.355,0.13,0.458,0.192,0.1055,0.13,13
I,0.47,0.37,0.12,0.4705,0.1845,0.1055,0.155,12
I,0.47,0.37,0.14,0.4985,0.2095,0.1225,0.145,10
I,0.52,0.405,0.14,0.5775,0.2,0.145,0.179,11
F,0.5,0.375,0.14,0.604,0.242,0.1415,0.179,15
F,0.565,0.45,0.16,0.795,0.3605,0.1555,0.23,12
I,0.615,0.49,0.155,0.9885,0.4145,0.195,0.345,13
I,0.56,0.44,0.165,0.8,0.335,0.1735,0.25,12
I,0.48,0.37,0.12,0.514,0.2075,0.131,0.155,13
I,0.485,0.39,0.125,0.591,0.287,0.141,0.12,9
I,0.5,0.385,0.15,0.6265,0.2605,0.1665,0.16,10
I,0.52,0.4,0.145,0.66,0.267,0.1055,0.22,13
I,0.515,0.4,0.12,0.659,0.2705,0.179,0.17,13
F,0.545,0.415,0.15,0.7335,0.2795,0.163,0.2185,11
F,0.47,0.355,0.13,0.5465,0.2005,0.126,0.185,14
I,0.485,0.355,0.13,0.581,0.245,0.132,0.168,12
I,0.435,0.33,0.125,0.406,0.1685,0.1055,0.096,12
F,0.41,0.32,0.115,0.387,0.165,0.1005,0.0985,11
I,0.45,0.35,0.14,0.474,0.21,0.109,0.1275,16
I,0.56,0.425,0.14,0.9175,0.4005,0.1975,0.26,10
I,0.55,0.425,0.15,0.806,0.376,0.171,0.245,14
I,0.46,0.355,0.14,0.4935,0.216,0.133,0.115,13
I,0.495,0.39,0.125,0.6655,0.284,0.162,0.2,11
I,0.52,0.425,0.17,0.6805,0.28,0.174,0.195,10
F,0.55,0.41,0.145,0.8285,0.3095,0.1905,0.25,13
I,0.51,0.4,0.15,0.745,0.2865,0.1675,0.235,13
M,0.535,0.42,0.15,0.6995,0.2575,0.153,0.24,12
I,0.575,0.455,0.18,0.8525,0.3015,0.1825,0.3,13
F,0.55,0.43,0.14,0.7135,0.2565,0.186,0.225,9
I,0.535,0.42,0.145,0.926,0.398,0.1965,0.25,17
I,0.47,0.345,0.115,0.4885,0.2005,0.108,0.166,11
I,0.515,0.39,0.14,0.5555,0.2,0.1135,0.2235,12
I,0.485,0.37,0.13,0.458,0.181,0.113,0.136,10
I,0.45,0.35,0.145,0.525,0.2085,0.1,0.1655,15
I,0.485,0.38,0.14,0.673,0.2175,0.13,0.195,18
F,0.5,0.385,0.115,0.6785,0.2945,0.138,0.195,12
F,0.5,0.385,0.105,0.498,0.1795,0.1095,0.17,17
I,0.465,0.36,0.105,0.498,0.214,0.116,0.14,15
F,0.525,0.405,0.16,0.658,0.2655,0.1125,0.225,12
I,0.53,0.415,0.145,0.944,0.3845,0.185,0.265,21
I,0.475,0.365,0.115,0.49,0.223,0.1235,0.1335,9
I,0.47,0.36,0.13,0.5225,0.198,0.1065,0.165,9
I,0.44,0.345,0.12,0.487,0.1965,0.108,0.16,14
F,0.51,0.4,0.13,0.5735,0.219,0.1365,0.195,13
F,0.59,0.45,0.16,0.9,0.358,0.156,0.315,19
M,0.48,0.375,0.145,0.777,0.216,0.13,0.17,9
I,0.46,0.35,0.12,0.4885,0.193,0.105,0.155,11
F,0.585,0.475,0.185,0.9585,0.4145,0.1615,0.33,11
I,0.535,0.45,0.17,0.781,0.3055,0.1555,0.295,11
M,0.455,0.35,0.12,0.4835,0.1815,0.144,0.16,11
F,0.485,0.38,0.15,0.605,0.2155,0.14,0.18,15
F,0.45,0.35,0.145,0.5425,0.1765,0.123,0.175,13
M,0.475,0.385,0.145,0.6175,0.235,0.108,0.215,14
F,0.5,0.38,0.155,0.655,0.2405,0.143,0.205,17
F,0.53,0.41,0.165,0.8115,0.24,0.169,0.24,19
M,0.49,0.39,0.15,0.573,0.225,0.124,0.17,21
F,0.49,0.385,0.15,0.7865,0.241,0.14,0.24,23
F,0.52,0.395,0.18,0.64,0.158,0.11,0.245,22
M,0.54,0.415,0.145,0.74,0.2635,0.168,0.245,12
F,0.5,0.375,0.115,0.5945,0.185,0.148,0.19,11
F,0.45,0.38,0.165,0.8165,0.25,0.1915,0.265,23
M,0.485,0.37,0.14,0.5725,0.204,0.1415,0.175,10
M,0.535,0.405,0.185,0.8345,0.3175,0.1725,0.29,16
M,0.51,0.4,0.14,0.6515,0.2455,0.1665,0.185,10
F,0.535,0.405,0.125,0.927,0.26,0.1425,0.345,16
M,0.5,0.375,0.15,0.636,0.2535,0.145,0.19,10
F,0.43,0.325,0.115,0.3865,0.1475,0.1065,0.11,11
F,0.43,0.335,0.12,0.444,0.155,0.1145,0.14,13
F,0.48,0.385,0.135,0.536,0.1895,0.142,0.173,14
F,0.445,0.33,0.105,0.4525,0.18,0.103,0.123,9
M,0.415,0.325,0.14,0.417,0.1535,0.1015,0.144,10
M,0.465,0.36,0.08,0.488,0.191,0.125,0.155,11
F,0.49,0.36,0.11,0.5005,0.161,0.107,0.195,17
F,0.48,0.375,0.105,0.525,0.2185,0.1195,0.155,12
M,0.505,0.4,0.125,0.77,0.2735,0.159,0.255,13
M,0.525,0.4,0.13,0.8295,0.2405,0.1825,0.275,11
M,0.545,0.42,0.13,0.879,0.374,0.1695,0.23,13
M,0.52,0.4,0.12,0.823,0.298,0.1805,0.265,15
M,0.505,0.38,0.13,0.656,0.227,0.1785,0.22,13
M,0.525,0.425,0.12,0.8665,0.2825,0.176,0.29,18
M,0.51,0.39,0.125,0.6565,0.262,0.1835,0.175,10
M,0.52,0.385,0.115,0.669,0.2385,0.172,0.205,12
F,0.52,0.405,0.125,0.6435,0.2415,0.1735,0.21,12
M,0.535,0.41,0.135,0.862,0.2855,0.1525,0.32,14
F,0.535,0.42,0.15,0.7365,0.2785,0.186,0.215,14
F,0.52,0.405,0.14,0.8175,0.2795,0.183,0.26,17
M,0.53,0.415,0.13,0.8425,0.275,0.1945,0.265,20
M,0.535,0.42,0.13,0.8055,0.301,0.181,0.28,14
F,0.51,0.39,0.105,0.612,0.187,0.15,0.195,13
M,0.485,0.355,0.12,0.547,0.215,0.1615,0.14,10
M,0.57,0.43,0.12,1.0615,0.348,0.167,0.31,15
F,0.55,0.44,0.155,0.946,0.313,0.1825,0.335,16
M,0.545,0.45,0.15,0.978,0.3365,0.1905,0.3,11
I,0.485,0.375,0.14,0.521,0.2,0.123,0.17,8
M,0.455,0.34,0.135,0.462,0.1675,0.158,0.12,9
M,0.49,0.38,0.14,0.7605,0.245,0.167,0.185,10
M,0.53,0.41,0.165,0.732,0.189,0.17,0.31,11
M,0.505,0.385,0.145,0.6775,0.236,0.179,0.2,15
M,0.49,0.38,0.14,0.6385,0.2305,0.142,0.195,13
M,0.465,0.35,0.14,0.5755,0.2015,0.1505,0.19,15
F,0.47,0.36,0.145,0.537,0.1725,0.1375,0.195,15
M,0.505,0.385,0.15,0.6415,0.246,0.152,0.215,12
F,0.515,0.39,0.13,0.5755,0.1975,0.13,0.1845,9
M,0.495,0.385,0.135,0.709,0.211,0.1375,0.262,12
F,0.485,0.375,0.135,0.556,0.1925,0.1315,0.1685,10
M,0.47,0.37,0.18,0.51,0.1915,0.1285,0.1625,9
M,0.515,0.405,0.145,0.695,0.215,0.1635,0.234,15
M,0.53,0.41,0.155,0.7155,0.2805,0.1685,0.214,11
M,0.52,0.42,0.16,0.745,0.255,0.157,0.2885,11
M,0.46,0.34,0.135,0.495,0.1655,0.117,0.185,10
M,0.45,0.335,0.125,0.349,0.119,0.1055,0.115,10
F,0.48,0.4,0.125,0.759,0.2125,0.179,0.24,15
F,0.44,0.34,0.13,0.4195,0.153,0.1155,0.13,10
F,0.52,0.41,0.115,0.807,0.2855,0.179,0.235,12
M,0.505,0.405,0.14,0.875,0.2665,0.174,0.285,12
F,0.49,0.365,0.13,0.6835,0.165,0.1315,0.205,21
I,0.445,0.325,0.1,0.378,0.1795,0.1,0.089,7
I,0.45,0.35,0.13,0.547,0.245,0.1405,0.1405,8
I,0.475,0.365,0.125,0.5465,0.229,0.1185,0.172,9
F,0.48,0.365,0.135,0.6395,0.2945,0.113,0.175,8
F,0.495,0.41,0.125,0.7555,0.3355,0.129,0.214,9
M,0.5,0.4,0.125,0.5975,0.27,0.1275,0.166,9
M,0.505,0.44,0.14,0.8275,0.3415,0.1855,0.239,8
M,0.525,0.395,0.13,0.7635,0.3375,0.1425,0.225,8
M,0.54,0.405,0.125,0.891,0.4815,0.1915,0.202,9
F,0.54,0.42,0.14,0.805,0.369,0.1725,0.21,11
F,0.55,0.43,0.125,0.923,0.4035,0.175,0.283,8
F,0.55,0.45,0.15,0.875,0.362,0.1755,0.2765,10
M,0.555,0.435,0.145,0.9685,0.4985,0.168,0.2385,9
M,0.57,0.435,0.13,0.7535,0.349,0.1755,0.194,10
F,0.575,0.465,0.14,0.958,0.442,0.1815,0.2705,9
F,0.6,0.475,0.155,1.21,0.653,0.1695,0.3205,10
F,0.625,0.49,0.155,1.2085,0.465,0.162,0.411,11
F,0.445,0.335,0.11,0.4355,0.2025,0.1095,0.1195,6
I,0.45,0.36,0.13,0.478,0.191,0.127,0.137,7
I,0.45,0.335,0.105,0.447,0.2335,0.153,0.119,7
I,0.455,0.355,0.125,0.5325,0.225,0.126,0.1465,7
I,0.455,0.375,0.12,0.497,0.2355,0.1055,0.1295,6
F,0.465,0.35,0.125,0.482,0.23,0.106,0.1095,6
M,0.47,0.365,0.12,0.612,0.327,0.15,0.14,8
M,0.475,0.37,0.125,0.537,0.222,0.1215,0.15,9
F,0.475,0.36,0.12,0.5915,0.3245,0.11,0.127,6
M,0.48,0.375,0.115,0.6765,0.3205,0.1065,0.17,6
M,0.48,0.385,0.145,0.64,0.2925,0.1405,0.1575,6
M,0.48,0.365,0.12,0.6015,0.312,0.117,0.14,7
M,0.49,0.385,0.125,0.649,0.32,0.124,0.1695,8
M,0.495,0.395,0.135,0.6335,0.3035,0.1295,0.1495,8
M,0.495,0.4,0.135,0.61,0.272,0.1435,0.144,7
M,0.5,0.39,0.135,0.6595,0.3145,0.1535,0.1565,6
I,0.5,0.385,0.12,0.56,0.2835,0.103,0.135,8
M,0.5,0.385,0.135,0.6425,0.3195,0.129,0.1535,7
M,0.5,0.4,0.125,0.6725,0.336,0.12,0.1825,7
F,0.505,0.39,0.13,0.674,0.3165,0.141,0.1785,9
I,0.505,0.39,0.15,0.685,0.362,0.131,0.156,8
M,0.505,0.41,0.125,0.642,0.289,0.133,0.155,9
I,0.505,0.355,0.125,0.601,0.25,0.1205,0.185,8
M,0.51,0.39,0.135,0.769,0.3935,0.1455,0.19,8
I,0.51,0.375,0.1,0.5785,0.238,0.1225,0.175,7
I,0.51,0.405,0.135,0.769,0.3655,0.1585,0.18,7
M,0.51,0.405,0.15,0.7035,0.347,0.134,0.1885,8
M,0.51,0.41,0.145,0.796,0.3865,0.1815,0.1955,8
M,0.515,0.39,0.155,0.7125,0.3695,0.137,0.155,7
F,0.525,0.415,0.14,0.724,0.3475,0.173,0.175,8
M,0.525,0.4,0.14,0.7325,0.334,0.1575,0.17,11
F,0.53,0.425,0.13,0.7585,0.325,0.197,0.205,8
M,0.53,0.405,0.125,0.6515,0.2715,0.1605,0.186,7
F,0.535,0.4,0.135,0.8215,0.3935,0.196,0.205,8
M,0.535,0.43,0.14,0.7165,0.2855,0.1595,0.2155,8
F,0.55,0.445,0.155,0.9905,0.544,0.178,0.218,9
F,0.55,0.43,0.14,0.8105,0.368,0.161,0.275,9
F,0.565,0.4,0.13,0.6975,0.3075,0.1665,0.18,8
M,0.57,0.46,0.17,0.9035,0.4075,0.1935,0.214,7
F,0.595,0.47,0.155,1.121,0.4515,0.178,0.155,11
I,0.445,0.345,0.105,0.409,0.1675,0.1015,0.117,7
I,0.45,0.34,0.12,0.4925,0.241,0.1075,0.12,6
I,0.45,0.33,0.1,0.411,0.1945,0.1,0.098,6
M,0.47,0.36,0.105,0.544,0.27,0.1395,0.129,7
I,0.47,0.38,0.125,0.4845,0.211,0.1075,0.142,6
I,0.475,0.35,0.1,0.4545,0.2165,0.111,0.115,7
I,0.48,0.38,0.125,0.6245,0.3395,0.1085,0.1665,8
M,0.49,0.465,0.125,0.5225,0.235,0.13,0.141,7
I,0.5,0.375,0.14,0.5495,0.248,0.112,0.1585,7
I,0.5,0.375,0.12,0.542,0.215,0.116,0.17,9
I,0.5,0.38,0.125,0.519,0.2485,0.1135,0.134,8
M,0.5,0.39,0.125,0.5215,0.2485,0.117,0.131,6
F,0.505,0.39,0.125,0.5445,0.246,0.15,0.1405,7
I,0.51,0.405,0.125,0.6795,0.3465,0.1395,0.182,8
F,0.51,0.4,0.125,0.545,0.261,0.115,0.1385,6
I,0.51,0.4,0.125,0.5575,0.2615,0.1195,0.1525,9
I,0.51,0.38,0.115,0.5155,0.215,0.1135,0.166,8
I,0.515,0.385,0.125,0.6115,0.3175,0.1265,0.15,8
M,0.52,0.4,0.145,0.7765,0.3525,0.1845,0.185,9
I,0.52,0.38,0.135,0.5395,0.2295,0.133,0.157,8
I,0.52,0.38,0.125,0.5545,0.288,0.1295,0.167,8
F,0.52,0.46,0.15,1.019,0.523,0.1985,0.254,7
I,0.525,0.4,0.13,0.6455,0.325,0.1245,0.17,8
I,0.525,0.4,0.14,0.601,0.2625,0.1285,0.1835,9
M,0.525,0.405,0.12,0.7555,0.3755,0.1555,0.201,9
I,0.525,0.395,0.12,0.608,0.297,0.1395,0.1405,8
I,0.53,0.4,0.125,0.617,0.279,0.127,0.19,8
I,0.535,0.39,0.125,0.599,0.2595,0.149,0.169,9
I,0.54,0.42,0.14,0.6665,0.3125,0.138,0.1895,10
M,0.545,0.39,0.135,0.7835,0.4225,0.1815,0.156,7
M,0.545,0.41,0.12,0.793,0.434,0.1405,0.19,9
M,0.545,0.415,0.14,0.82,0.4615,0.127,0.218,9
F,0.55,0.415,0.135,0.8145,0.427,0.1855,0.175,8
F,0.55,0.43,0.15,0.84,0.395,0.195,0.223,8
M,0.55,0.425,0.15,0.8315,0.411,0.1765,0.2165,10
M,0.56,0.43,0.145,0.8995,0.464,0.1775,0.234,9
F,0.56,0.44,0.155,0.6405,0.336,0.1765,0.245,8
M,0.56,0.415,0.145,0.852,0.43,0.1885,0.205,8
M,0.565,0.435,0.15,0.99,0.5795,0.1825,0.206,8
I,0.57,0.44,0.15,0.755,0.3425,0.16,0.224,8
M,0.575,0.435,0.14,0.8455,0.401,0.191,0.222,9
F,0.575,0.47,0.165,0.869,0.435,0.197,0.238,9
M,0.575,0.455,0.135,0.907,0.4245,0.197,0.26,9
M,0.575,0.445,0.145,0.847,0.415,0.1945,0.22,9
M,0.58,0.445,0.135,0.814,0.3775,0.1915,0.22,9
M,0.58,0.45,0.14,0.9615,0.486,0.1815,0.253,9
M,0.58,0.45,0.145,1.0025,0.547,0.1975,0.2295,8
M,0.585,0.46,0.145,0.9335,0.478,0.1825,0.235,9
F,0.615,0.465,0.15,0.923,0.4615,0.1825,0.2415,9
M,0.62,0.45,0.2,0.858,0.4285,0.1525,0.2405,8
M,0.72,0.565,0.145,1.187,0.691,0.1945,0.2685,8
I,0.185,0.375,0.12,0.4645,0.196,0.1045,0.15,6
F,0.455,0.365,0.115,0.4305,0.184,0.108,0.1245,8
F,0.46,0.365,0.125,0.4785,0.206,0.1045,0.141,8
I,0.47,0.355,0.18,0.48,0.2055,0.105,0.1505,8
I,0.475,0.36,0.11,0.492,0.211,0.11,0.15,8
I,0.48,0.37,0.125,0.5435,0.244,0.101,0.165,9
I,0.48,0.355,0.115,0.4725,0.2065,0.112,0.132,8
I,0.495,0.355,0.12,0.4965,0.214,0.1045,0.1495,8
I,0.495,0.38,0.13,0.5125,0.2185,0.116,0.16,7
M,0.495,0.395,0.12,0.553,0.224,0.1375,0.167,8
I,0.5,0.38,0.135,0.594,0.2945,0.104,0.1565,9
M,0.5,0.42,0.135,0.6765,0.302,0.1415,0.2065,9
I,0.5,0.375,0.145,0.5795,0.239,0.1375,0.185,9
I,0.5,0.41,0.14,0.6615,0.2585,0.1625,0.196,9
I,0.5,0.375,0.125,0.5695,0.259,0.124,0.157,7
I,0.5,0.395,0.14,0.6215,0.2925,0.1205,0.195,9
I,0.505,0.405,0.13,0.6015,0.3015,0.11,0.18,8
I,0.505,0.38,0.12,0.594,0.2595,0.1435,0.18,7
I,0.505,0.395,0.105,0.551,0.248,0.103,0.171,8
I,0.515,0.38,0.12,0.625,0.3265,0.1295,0.16,7
I,0.515,0.42,0.135,0.711,0.337,0.144,0.205,13
I,0.515,0.4,0.135,0.6965,0.32,0.1255,0.175,9
I,0.52,0.4,0.13,0.5825,0.233,0.1365,0.18,10
I,0.52,0.395,0.125,0.663,0.3005,0.131,0.1905,9
I,0.525,0.4,0.125,0.6965,0.369,0.1385,0.164,9
M,0.525,0.42,0.155,0.842,0.428,0.1415,0.2045,9
I,0.53,0.415,0.13,0.694,0.3905,0.111,0.167,9
I,0.53,0.42,0.155,0.81,0.4725,0.111,0.192,10
I,0.53,0.415,0.11,0.5745,0.2525,0.1235,0.189,9
I,0.53,0.425,0.13,0.7675,0.419,0.1205,0.21,9
I,0.535,0.4,0.135,0.6025,0.2895,0.121,0.154,9
I,0.535,0.415,0.15,0.5765,0.3595,0.135,0.225,8
F,0.535,0.41,0.13,0.7145,0.335,0.144,0.2075,9
M,0.535,0.435,0.15,0.717,0.3475,0.1445,0.194,9
F,0.54,0.42,0.145,0.8655,0.4315,0.163,0.2175,10
I,0.54,0.42,0.14,0.7265,0.3205,0.1445,0.229,9
I,0.545,0.435,0.135,0.7715,0.372,0.148,0.227,8
F,0.545,0.445,0.15,0.8,0.3535,0.163,0.207,9
I,0.545,0.43,0.15,0.7285,0.302,0.1315,0.2545,10
I,0.545,0.405,0.135,0.5945,0.27,0.1185,0.185,8
I,0.55,0.43,0.145,0.7895,0.3745,0.171,0.223,11
F,0.55,0.405,0.125,0.651,0.2965,0.137,0.2,9
M,0.55,0.43,0.15,0.8745,0.413,0.1905,0.248,9
I,0.55,0.435,0.14,0.7535,0.3285,0.1555,0.2325,10
I,0.55,0.425,0.135,0.7305,0.3325,0.1545,0.215,9
M,0.555,0.44,0.14,0.8705,0.407,0.156,0.255,9
I,0.555,0.43,0.155,0.7395,0.3135,0.1435,0.28,10
I,0.555,0.43,0.14,0.7665,0.341,0.165,0.23,9
I,0.555,0.425,0.145,0.7905,0.3485,0.1765,0.225,9
I,0.56,0.425,0.135,0.8205,0.3715,0.185,0.236,9
I,0.56,0.425,0.145,0.688,0.3095,0.1305,0.2165,9
I,0.56,0.455,0.145,0.974,0.547,0.1615,0.235,9
F,0.565,0.45,0.145,0.8495,0.4215,0.1685,0.225,8
M,0.565,0.445,0.15,0.796,0.3635,0.184,0.219,8
M,0.565,0.39,0.125,0.744,0.352,0.13,0.1685,11
I,0.57,0.45,0.135,0.794,0.3815,0.1415,0.245,8
M,0.57,0.435,0.17,0.873,0.382,0.183,0.2705,10
I,0.57,0.44,0.13,0.7665,0.347,0.1785,0.202,10
M,0.57,0.435,0.125,0.8965,0.383,0.1835,0.275,9
F,0.575,0.42,0.135,0.857,0.461,0.147,0.2125,10
M,0.575,0.46,0.155,0.892,0.4415,0.176,0.22,10
M,0.58,0.455,0.135,0.7955,0.405,0.167,0.204,10
F,0.58,0.445,0.15,0.858,0.4,0.156,0.253,8
M,0.585,0.465,0.155,0.9145,0.4555,0.1965,0.235,9
M,0.585,0.475,0.15,1.065,0.5315,0.199,0.2885,10
M,0.585,0.45,0.18,0.7995,0.336,0.1855,0.237,8
I,0.59,0.445,0.135,0.7715,0.328,0.1745,0.23,9
M,0.59,0.455,0.155,0.8855,0.388,0.188,0.275,10
F,0.595,0.465,0.15,0.98,0.4115,0.196,0.2255,10
F,0.595,0.465,0.155,1.026,0.4645,0.112,0.305,12
M,0.6,0.48,0.155,1.014,0.451,0.1885,0.325,11
F,0.6,0.455,0.145,0.8895,0.419,0.1715,0.269,10
M,0.6,0.46,0.155,0.9595,0.4455,0.189,0.295,11
I,0.605,0.435,0.13,0.9025,0.432,0.174,0.26,11
M,0.61,0.45,0.15,0.871,0.407,0.1835,0.25,10
I,0.61,0.465,0.15,0.9605,0.4495,0.1725,0.286,9
M,0.61,0.46,0.16,1,0.494,0.197,0.275,10
F,0.615,0.475,0.155,1.004,0.4475,0.193,0.2895,10
F,0.615,0.475,0.165,1.023,0.4905,0.1955,0.3035,12
M,0.63,0.485,0.145,1.062,0.5065,0.1785,0.3365,12
M,0.635,0.49,0.16,1.101,0.534,0.1865,0.3455,10
M,0.45,0.335,0.125,0.4475,0.2165,0.126,0.11,6
I,0.47,0.345,0.14,0.4615,0.229,0.1105,0.116,9
I,0.47,0.35,0.125,0.4315,0.19,0.1165,0.1175,6
M,0.475,0.37,0.125,0.649,0.347,0.136,0.142,8
F,0.475,0.365,0.115,0.566,0.281,0.117,0.1335,7
I,0.48,0.36,0.125,0.542,0.2795,0.1025,0.147,7
I,0.485,0.38,0.12,0.4725,0.2075,0.1075,0.147,6
M,0.485,0.39,0.085,0.6435,0.2945,0.103,0.198,8
M,0.485,0.37,0.13,0.526,0.2485,0.105,0.1555,6
F,0.495,0.38,0.12,0.573,0.2655,0.1285,0.144,7
M,0.505,0.385,0.105,0.5525,0.239,0.1245,0.1555,9
F,0.505,0.38,0.135,0.6855,0.361,0.1565,0.161,9
M,0.515,0.425,0.145,0.9365,0.497,0.181,0.2185,8
I,0.515,0.4,0.125,0.5625,0.25,0.1245,0.17,7
M,0.52,0.4,0.125,0.559,0.254,0.139,0.149,8
M,0.525,0.4,0.14,0.7205,0.3685,0.145,0.1735,8
I,0.53,0.43,0.13,0.7045,0.346,0.1415,0.189,9
M,0.53,0.4,0.125,0.7575,0.398,0.151,0.175,8
F,0.545,0.41,0.14,0.7405,0.3565,0.1775,0.203,9
F,0.56,0.43,0.15,0.8745,0.453,0.161,0.22,8
F,0.56,0.435,0.15,0.8715,0.4755,0.1835,0.1835,9
M,0.6,0.465,0.2,1.259,0.6405,0.1985,0.357,9
F,0.605,0.485,0.165,0.9515,0.4535,0.193,0.2765,11
I,0.615,0.475,0.13,0.8425,0.353,0.1915,0.251,8
I,0.475,0.36,0.145,0.6325,0.2825,0.137,0.19,8
I,0.475,0.36,0.125,0.4905,0.205,0.1305,0.125,8
I,0.48,0.37,0.125,0.474,0.179,0.1035,0.175,9
I,0.48,0.37,0.12,0.536,0.251,0.114,0.15,8
M,0.48,0.355,0.16,0.464,0.221,0.106,0.239,8
I,0.485,0.375,0.13,0.6025,0.2935,0.1285,0.16,7
I,0.49,0.4,0.135,0.624,0.3035,0.1285,0.169,8
I,0.495,0.4,0.105,0.602,0.2505,0.1265,0.19,8
I,0.5,0.4,0.12,0.616,0.261,0.143,0.1935,8
I,0.5,0.39,0.12,0.5955,0.2455,0.147,0.173,8
I,0.5,0.375,0.14,0.559,0.2375,0.135,0.169,9
I,0.51,0.395,0.13,0.6025,0.281,0.143,0.162,7
F,0.515,0.375,0.11,0.6065,0.3005,0.131,0.15,6
I,0.515,0.36,0.125,0.4725,0.1815,0.125,0.138,9
I,0.515,0.35,0.105,0.4745,0.213,0.123,0.1275,10
I,0.515,0.395,0.125,0.6635,0.32,0.14,0.17,8
I,0.515,0.39,0.125,0.5705,0.238,0.1265,0.185,8
I,0.52,0.41,0.145,0.646,0.2965,0.1595,0.165,9
I,0.52,0.39,0.13,0.5545,0.2355,0.1095,0.1895,7
M,0.525,0.415,0.145,0.845,0.3525,0.1635,0.2875,8
I,0.525,0.39,0.12,0.664,0.3115,0.147,0.178,9
I,0.525,0.38,0.135,0.615,0.261,0.159,0.175,8
I,0.525,0.4,0.14,0.654,0.305,0.16,0.169,7
M,0.525,0.4,0.155,0.707,0.282,0.1605,0.225,9
I,0.53,0.42,0.12,0.5965,0.2555,0.141,0.177,7
I,0.53,0.43,0.135,0.6255,0.245,0.1455,0.2135,10
I,0.53,0.4,0.145,0.555,0.1935,0.1305,0.195,9
I,0.53,0.42,0.13,0.8365,0.3745,0.167,0.249,11
I,0.535,0.4,0.13,0.657,0.2835,0.162,0.175,7
I,0.54,0.43,0.17,0.836,0.3725,0.1815,0.24,9
I,0.54,0.425,0.14,0.742,0.32,0.1395,0.25,9
I,0.54,0.43,0.14,0.8195,0.3935,0.1725,0.2295,9
I,0.54,0.42,0.14,0.6275,0.2505,0.1175,0.235,9
I,0.54,0.425,0.13,0.7205,0.2955,0.169,0.225,10
I,0.54,0.425,0.135,0.686,0.3475,0.1545,0.213,8
I,0.545,0.4,0.13,0.686,0.3285,0.1455,0.18,9
I,0.545,0.375,0.12,0.543,0.2375,0.1155,0.1725,8
I,0.545,0.42,0.125,0.717,0.358,0.112,0.22,8
M,0.55,0.435,0.14,0.7625,0.327,0.1685,0.259,10
I,0.55,0.425,0.15,0.639,0.269,0.1345,0.217,9
I,0.55,0.42,0.135,0.816,0.3995,0.1485,0.23,12
I,0.55,0.415,0.145,0.7815,0.373,0.16,0.2215,8
I,0.55,0.425,0.15,0.7665,0.339,0.176,0.21,8
I,0.555,0.395,0.13,0.5585,0.222,0.1245,0.17,9
I,0.555,0.435,0.14,0.765,0.3945,0.15,0.206,8
I,0.555,0.46,0.145,0.9005,0.3845,0.158,0.2765,11
I,0.56,0.445,0.15,0.8225,0.3685,0.187,0.236,10
I,0.56,0.44,0.13,0.7235,0.349,0.149,0.2,8
I,0.565,0.42,0.155,0.743,0.31,0.186,0.231,9
F,0.565,0.44,0.15,0.863,0.435,0.149,0.27,9
M,0.565,0.44,0.125,0.802,0.3595,0.1825,0.215,9
M,0.565,0.43,0.15,0.831,0.4245,0.1735,0.219,10
F,0.57,0.45,0.135,0.7805,0.3345,0.185,0.21,8
M,0.57,0.45,0.14,0.795,0.3385,0.148,0.245,9
I,0.57,0.435,0.17,0.848,0.4,0.166,0.25,9
I,0.57,0.43,0.145,0.833,0.354,0.144,0.2815,10
I,0.57,0.445,0.155,0.867,0.3705,0.1705,0.28,9
I,0.57,0.445,0.145,0.7405,0.306,0.172,0.1825,12
M,0.575,0.455,0.165,0.867,0.3765,0.1805,0.268,8
I,0.575,0.425,0.135,0.7965,0.364,0.196,0.239,10
I,0.575,0.45,0.125,0.78,0.3275,0.188,0.235,9
I,0.575,0.445,0.17,0.8015,0.3475,0.1465,0.25,9
I,0.575,0.45,0.135,0.807,0.3615,0.176,0.254,10
M,0.575,0.445,0.16,0.839,0.4005,0.198,0.239,9
M,0.575,0.44,0.16,0.9615,0.483,0.166,0.275,13
F,0.58,0.435,0.15,0.834,0.428,0.1515,0.23,8
M,0.58,0.43,0.13,0.798,0.365,0.173,0.2285,10
I,0.58,0.445,0.125,0.7095,0.303,0.1405,0.235,9
I,0.59,0.46,0.145,0.9015,0.419,0.1785,0.26,11
F,0.595,0.435,0.15,0.9,0.4175,0.17,0.265,8
M,0.595,0.45,0.14,0.838,0.3965,0.194,0.217,10
I,0.595,0.46,0.15,0.8335,0.377,0.1925,0.235,8
F,0.6,0.475,0.15,1.13,0.575,0.196,0.305,9
M,0.6,0.48,0.165,0.9165,0.4135,0.1965,0.2725,9
F,0.605,0.455,0.145,0.9775,0.468,0.1775,0.275,9
M,0.605,0.475,0.145,0.884,0.3835,0.1905,0.27,8
I,0.61,0.465,0.125,0.9225,0.436,0.19,0.26,9
I,0.62,0.47,0.14,0.8565,0.3595,0.16,0.295,9
F,0.375,0.27,0.135,0.597,0.272,0.131,0.1675,7
I,0.435,0.3,0.12,0.5965,0.259,0.139,0.1645,8
I,0.455,0.325,0.135,0.82,0.4005,0.1715,0.211,8
I,0.465,0.325,0.14,0.7615,0.362,0.1535,0.209,10
M,0.465,0.36,0.115,0.5795,0.295,0.1395,0.12,7
I,0.485,0.365,0.105,0.5205,0.195,0.123,0.182,8
I,0.485,0.345,0.16,0.869,0.3085,0.185,0.319,9
M,0.515,0.35,0.155,0.9225,0.4185,0.198,0.273,9
M,0.525,0.38,0.125,0.65,0.303,0.155,0.159,7
M,0.53,0.41,0.14,0.7545,0.3495,0.1715,0.2105,8
F,0.535,0.425,0.135,0.771,0.3765,0.1815,0.1795,8
I,0.575,0.45,0.13,0.8145,0.403,0.1715,0.213,10
I,0.485,0.385,0.13,0.568,0.2505,0.178,0.154,7
I,0.485,0.36,0.12,0.5155,0.2465,0.1025,0.147,8
I,0.495,0.38,0.135,0.5095,0.2065,0.1165,0.165,8
I,0.495,0.38,0.145,0.5,0.205,0.148,0.1505,8
I,0.5,0.38,0.11,0.5605,0.28,0.106,0.15,9
I,0.505,0.405,0.13,0.599,0.2245,0.1175,0.225,11
I,0.505,0.4,0.145,0.7045,0.334,0.1425,0.207,8
F,0.51,0.4,0.12,0.7005,0.347,0.1105,0.195,10
I,0.515,0.415,0.135,0.7125,0.285,0.152,0.245,10
I,0.515,0.42,0.15,0.6725,0.2555,0.1335,0.235,10
M,0.515,0.385,0.11,0.5785,0.253,0.16,0.14,8
I,0.52,0.415,0.14,0.6375,0.308,0.1335,0.168,9
I,0.52,0.395,0.125,0.5805,0.2445,0.146,0.165,9
I,0.52,0.38,0.115,0.6645,0.3285,0.17,0.1425,7
I,0.52,0.385,0.115,0.581,0.2555,0.156,0.143,10
I,0.525,0.415,0.12,0.596,0.2805,0.12,0.1695,9
I,0.525,0.405,0.145,0.6965,0.3045,0.1535,0.21,8
I,0.525,0.4,0.145,0.6095,0.248,0.159,0.175,9
I,0.53,0.43,0.16,0.7245,0.321,0.1275,0.24,9
I,0.53,0.395,0.13,0.575,0.247,0.115,0.183,9
I,0.53,0.405,0.12,0.632,0.2715,0.148,0.1875,9
I,0.535,0.455,0.14,1.0015,0.53,0.1765,0.244,9
I,0.54,0.395,0.135,0.6555,0.2705,0.155,0.192,9
I,0.54,0.39,0.125,0.6255,0.2525,0.158,0.19,8
I,0.545,0.43,0.14,0.687,0.2615,0.1405,0.25,9
I,0.55,0.435,0.14,0.7995,0.295,0.1905,0.238,10
I,0.55,0.45,0.13,0.804,0.3375,0.1405,0.23,6
M,0.555,0.435,0.14,0.7495,0.341,0.1645,0.214,8
M,0.555,0.41,0.125,0.599,0.2345,0.1465,0.194,8
M,0.555,0.4,0.13,0.7075,0.332,0.1585,0.18,7
I,0.555,0.45,0.175,0.738,0.304,0.1755,0.22,9
M,0.555,0.455,0.135,0.837,0.382,0.171,0.235,9
I,0.56,0.445,0.165,0.832,0.3455,0.179,0.279,9
F,0.565,0.445,0.125,0.8305,0.3135,0.1785,0.23,11
M,0.565,0.415,0.125,0.667,0.302,0.1545,0.185,7
M,0.565,0.455,0.155,0.9355,0.421,0.183,0.26,11
I,0.565,0.435,0.145,0.8445,0.3975,0.158,0.255,9
M,0.565,0.45,0.16,0.895,0.415,0.195,0.246,9
M,0.57,0.455,0.155,0.832,0.3585,0.174,0.277,11
M,0.57,0.415,0.13,0.88,0.4275,0.1955,0.238,13
F,0.57,0.44,0.12,0.803,0.382,0.1525,0.234,9
M,0.575,0.45,0.13,0.785,0.318,0.193,0.2265,9
M,0.575,0.445,0.145,0.876,0.3795,0.1615,0.27,10
I,0.575,0.45,0.135,0.8715,0.45,0.162,0.225,10
F,0.575,0.43,0.155,0.7955,0.3485,0.1925,0.22,9
M,0.575,0.475,0.145,0.857,0.3665,0.173,0.269,9
F,0.58,0.45,0.195,0.8265,0.4035,0.173,0.225,9
F,0.58,0.5,0.165,0.925,0.37,0.185,0.3005,10
I,0.58,0.44,0.145,0.7905,0.3525,0.1645,0.242,10
F,0.6,0.47,0.135,0.97,0.4655,0.1955,0.264,11
I,0.605,0.49,0.165,1.071,0.482,0.1935,0.352,10
F,0.605,0.455,0.145,0.862,0.334,0.1985,0.3,9
F,0.61,0.46,0.155,0.957,0.4255,0.1975,0.265,8
I,0.43,0.32,0.11,0.3675,0.1675,0.102,0.105,8
M,0.47,0.365,0.135,0.522,0.2395,0.1525,0.145,10
I,0.475,0.365,0.12,0.5185,0.268,0.1095,0.1365,8
M,0.505,0.39,0.12,0.653,0.3315,0.1385,0.167,9
M,0.505,0.395,0.135,0.5915,0.288,0.1315,0.185,12
M,0.505,0.385,0.115,0.4825,0.21,0.1035,0.1535,10
I,0.51,0.455,0.135,0.6855,0.2875,0.154,0.2035,9
M,0.515,0.4,0.14,0.6335,0.288,0.145,0.168,9
M,0.525,0.41,0.13,0.6875,0.3435,0.1495,0.1765,9
F,0.53,0.43,0.15,0.741,0.325,0.1855,0.196,9
F,0.53,0.405,0.13,0.6355,0.2635,0.1565,0.185,9
M,0.545,0.44,0.14,0.8395,0.356,0.1905,0.2385,11
F,0.56,0.41,0.16,0.8215,0.342,0.184,0.253,9
F,0.57,0.435,0.15,0.8295,0.3875,0.156,0.245,10
F,0.6,0.45,0.14,0.837,0.37,0.177,0.2425,10
M,0.45,0.35,0.13,0.4655,0.2075,0.1045,0.135,8
F,0.455,0.355,1.13,0.594,0.332,0.116,0.1335,8
M,0.46,0.345,0.12,0.4935,0.2435,0.1175,0.132,8
F,0.475,0.38,0.14,0.689,0.3165,0.1315,0.1955,7
M,0.485,0.39,0.135,0.617,0.25,0.1345,0.1635,8
I,0.49,0.37,0.11,0.538,0.271,0.1035,0.139,8
M,0.5,0.39,0.135,0.7815,0.361,0.1575,0.2385,9
F,0.5,0.38,0.14,0.6355,0.277,0.143,0.1785,8
M,0.505,0.385,0.13,0.6435,0.3135,0.149,0.1515,7
M,0.525,0.385,0.1,0.5115,0.246,0.1005,0.1455,8
M,0.535,0.42,0.125,0.738,0.355,0.1895,0.1795,8
F,0.535,0.42,0.13,0.699,0.3125,0.1565,0.2035,8
F,0.54,0.385,0.14,0.7655,0.3265,0.116,0.2365,10
F,0.54,0.42,0.13,0.7505,0.368,0.1675,0.1845,9
F,0.545,0.43,0.16,0.844,0.3945,0.1855,0.231,9
I,0.55,0.42,0.115,0.668,0.2925,0.137,0.209,11
F,0.565,0.44,0.135,0.83,0.393,0.1735,0.238,9
M,0.58,0.45,0.12,0.8685,0.418,0.1475,0.2605,8
M,0.595,0.465,0.15,0.919,0.4335,0.1765,0.262,9
F,0.73,0.555,0.18,1.6895,0.6555,0.1965,0.4935,10
F,0.505,0.39,0.115,0.66,0.3045,0.1555,0.175,8
M,0.53,0.425,0.13,0.7455,0.2995,0.1355,0.245,10
F,0.505,0.385,0.115,0.616,0.243,0.1075,0.21,11
M,0.5,0.39,0.145,0.651,0.273,0.132,0.22,11
M,0.5,0.38,0.155,0.66,0.2655,0.1365,0.215,19
F,0.49,0.385,0.125,0.5395,0.2175,0.128,0.165,11
M,0.525,0.405,0.13,0.7185,0.3265,0.1975,0.175,8
F,0.48,0.38,0.12,0.608,0.2705,0.1405,0.185,8
I,0.455,0.37,0.125,0.433,0.201,0.1265,0.145,9
F,0.435,0.35,0.12,0.4585,0.192,0.1,0.13,11
F,0.5,0.4,0.125,0.5765,0.2395,0.126,0.185,10
M,0.585,0.455,0.14,0.97,0.462,0.185,0.295,9
F,0.52,0.41,0.125,0.6985,0.2945,0.1625,0.215,10
F,0.44,0.33,0.115,0.4005,0.143,0.113,0.12,8
M,0.565,0.425,0.1,0.7145,0.3055,0.166,0.18,12
F,0.45,0.36,0.125,0.5065,0.222,0.105,0.16,10
M,0.47,0.37,0.105,0.4665,0.2025,0.1015,0.155,10
M,0.465,0.35,0.12,0.5205,0.2015,0.1625,0.185,11
M,0.445,0.355,0.11,0.4415,0.1805,0.1035,0.1505,10
M,0.58,0.46,0.165,1.2275,0.473,0.1965,0.435,16
M,0.61,0.5,0.165,1.2715,0.4915,0.185,0.49,12
M,0.56,0.42,0.195,0.8085,0.3025,0.1795,0.285,14
F,0.55,0.47,0.15,0.897,0.377,0.184,0.29,9
M,0.575,0.45,0.185,0.925,0.342,0.197,0.35,12
F,0.57,0.45,0.17,1.098,0.414,0.187,0.405,20
F,0.625,0.42,0.165,1.0595,0.358,0.165,0.445,21
M,0.535,0.42,0.165,0.9195,0.3355,0.1985,0.26,16
M,0.55,0.43,0.16,0.9295,0.317,0.1735,0.355,13
M,0.495,0.4,0.155,0.8085,0.2345,0.1155,0.35,6
M,0.445,0.34,0.12,0.4475,0.193,0.1035,0.13,9
F,0.52,0.4,0.125,0.6865,0.295,0.1715,0.185,9
M,0.495,0.385,0.135,0.6335,0.2,0.1225,0.26,14
M,0.47,0.37,0.135,0.547,0.222,0.1325,0.17,12
F,0.49,0.37,0.14,0.585,0.243,0.115,0.195,10
M,0.58,0.47,0.165,0.927,0.3215,0.1985,0.315,11
F,0.455,0.35,0.14,0.5725,0.1965,0.1325,0.175,10
F,0.515,0.415,0.13,0.764,0.276,0.196,0.25,13
M,0.495,0.39,0.15,0.853,0.3285,0.189,0.27,14
F,0.485,0.375,0.145,0.5885,0.2385,0.1155,0.19,13
M,0.58,0.465,0.175,1.035,0.401,0.1865,0.385,17
F,0.555,0.455,0.18,0.958,0.296,0.195,0.39,14
F,0.55,0.425,0.145,0.797,0.297,0.15,0.265,9
M,0.59,0.475,0.155,0.857,0.356,0.174,0.28,13
F,0.505,0.39,0.175,0.692,0.267,0.15,0.215,12
M,0.555,0.43,0.165,0.7575,0.2735,0.1635,0.275,13
F,0.505,0.4,0.165,0.729,0.2675,0.155,0.25,9
F,0.57,0.45,0.165,0.903,0.3305,0.1845,0.295,14
F,0.46,0.36,0.115,0.4755,0.2105,0.105,0.16,8
M,0.465,0.36,0.13,0.5265,0.2105,0.1185,0.165,10
M,0.46,0.375,0.14,0.5105,0.192,0.1045,0.205,9
F,0.47,0.365,0.12,0.543,0.2295,0.1495,0.15,9
M,0.51,0.395,0.145,0.6185,0.216,0.1385,0.24,12
M,0.52,0.38,0.135,0.5825,0.2505,0.1565,0.175,8
M,0.495,0.415,0.165,0.7485,0.264,0.134,0.285,13
M,0.55,0.46,0.175,0.869,0.3155,0.1825,0.32,10
M,0.585,0.43,0.16,0.955,0.3625,0.176,0.27,11
F,0.58,0.455,0.16,0.9215,0.312,0.196,0.3,17
F,0.545,0.445,0.175,0.8525,0.3465,0.189,0.295,13
M,0.51,0.405,0.13,0.7175,0.3725,0.158,0.17,9
I,0.485,0.415,0.14,0.5705,0.25,0.134,0.185,8
F,0.495,0.385,0.13,0.6905,0.3125,0.179,0.175,10
I,0.435,0.345,0.12,0.4475,0.221,0.112,0.125,7
F,0.5,0.395,0.15,0.7145,0.3235,0.173,0.195,9
M,0.475,0.375,0.12,0.563,0.2525,0.1205,0.185,10
M,0.525,0.425,0.12,0.702,0.3335,0.1465,0.22,12
F,0.52,0.415,0.145,0.8045,0.3325,0.1725,0.285,10
F,0.535,0.45,0.135,0.8075,0.322,0.181,0.25,13
M,0.475,0.36,0.12,0.578,0.2825,0.12,0.17,8
I,0.495,0.385,0.125,0.585,0.2755,0.1235,0.165,8
F,0.48,0.405,0.13,0.6375,0.277,0.1445,0.21,10
M,0.46,0.375,0.13,0.5735,0.2505,0.119,0.195,9
F,0.55,0.415,0.135,0.775,0.302,0.179,0.26,23
F,0.465,0.375,0.135,0.6,0.2225,0.129,0.23,16
M,0.455,0.355,0.13,0.515,0.2,0.1275,0.175,11
M,0.47,0.375,0.13,0.5795,0.2145,0.164,0.195,13
F,0.435,0.35,0.11,0.384,0.143,0.1005,0.125,13
M,0.595,0.47,0.145,0.991,0.4035,0.1505,0.34,16
F,0.58,0.475,0.135,0.925,0.391,0.165,0.275,14
M,0.575,0.435,0.15,0.805,0.293,0.1625,0.27,17
M,0.535,0.435,0.155,0.8915,0.3415,0.177,0.25,13
M,0.515,0.42,0.14,0.769,0.2505,0.154,0.29,13
F,0.505,0.385,0.135,0.6185,0.251,0.1175,0.2,12
F,0.505,0.395,0.145,0.6515,0.2695,0.153,0.205,15
M,0.53,0.435,0.135,0.7365,0.3275,0.1315,0.22,12
M,0.475,0.395,0.135,0.592,0.2465,0.1645,0.2,13
I,0.48,0.39,0.145,0.5825,0.2315,0.121,0.255,15
M,0.59,0.46,0.155,0.906,0.327,0.1485,0.335,15
F,0.515,0.42,0.135,0.6295,0.2815,0.127,0.215,9
M,0.56,0.455,0.165,0.86,0.4015,0.1695,0.245,11
F,0.59,0.47,0.17,0.9,0.355,0.1905,0.25,11
F,0.56,0.43,0.125,0.8025,0.313,0.1715,0.263,13
M,0.505,0.4,0.13,0.764,0.3035,0.189,0.2175,11
M,0.525,0.43,0.165,0.8645,0.376,0.1945,0.2515,16
F,0.515,0.435,0.17,0.631,0.2765,0.111,0.216,12
M,0.59,0.475,0.16,0.9455,0.3815,0.184,0.27,19
F,0.545,0.44,0.175,0.7745,0.2985,0.1875,0.265,11
M,0.55,0.45,0.155,0.7895,0.343,0.159,0.25,12
M,0.57,0.475,0.195,1.0295,0.4635,0.1905,0.305,18
F,0.5,0.405,0.15,0.5965,0.253,0.126,0.185,12
I,0.535,0.41,0.155,0.6315,0.2745,0.1415,0.1815,12
I,0.525,0.43,0.15,0.7365,0.3225,0.161,0.215,11
F,0.525,0.39,0.135,0.6005,0.2265,0.131,0.21,16
F,0.45,0.345,0.115,0.496,0.1905,0.117,0.14,12
F,0.485,0.365,0.14,0.6195,0.2595,0.1445,0.177,14
I,0.47,0.35,0.135,0.567,0.2315,0.1465,0.1525,11
I,0.515,0.375,0.14,0.6505,0.2495,0.141,0.2215,10
M,0.42,0.34,0.125,0.4495,0.165,0.1125,0.144,11
F,0.455,0.35,0.125,0.4485,0.1585,0.102,0.1335,16
I,0.625,0.465,0.155,0.972,0.404,0.1845,0.35,14
I,0.5,0.385,0.155,0.762,0.3795,0.161,0.19,14
F,0.53,0.43,0.17,0.775,0.35,0.152,0.235,17
F,0.585,0.415,0.155,0.6985,0.3,0.146,0.195,12
I,0.44,0.355,0.165,0.435,0.159,0.105,0.14,16
I,0.555,0.455,0.17,0.8435,0.309,0.1905,0.3,15
F,0.505,0.375,0.115,0.5895,0.2635,0.12,0.167,10
I,0.5,0.395,0.12,0.537,0.2165,0.1085,0.1785,9
F,0.505,0.38,0.145,0.651,0.2935,0.19,0.17,12
F,0.465,0.35,0.13,0.494,0.1945,0.103,0.155,18
F,0.465,0.36,0.12,0.4765,0.192,0.1125,0.16,10
I,0.52,0.415,0.16,0.595,0.2105,0.142,0.26,15
F,0.475,0.365,0.13,0.4805,0.1905,0.114,0.1475,12
I,0.565,0.435,0.155,0.782,0.2715,0.168,0.285,14
F,0.53,0.385,0.125,0.6695,0.289,0.151,0.18,10
I,0.52,0.38,0.14,0.525,0.1775,0.115,0.185,11
F,0.465,0.38,0.135,0.579,0.208,0.1095,0.22,14
M,0.515,0.4,0.16,0.8175,0.2515,0.156,0.3,23
F,0.515,0.4,0.17,0.796,0.258,0.1755,0.28,16
M,0.465,0.355,0.125,0.5255,0.2025,0.135,0.145,13
M,0.475,0.355,0.125,0.4625,0.186,0.107,0.145,9
F,0.445,0.335,0.14,0.4565,0.1785,0.114,0.14,11
M,0.5,0.355,0.14,0.528,0.2125,0.149,0.14,9
M,0.5,0.38,0.135,0.5835,0.2295,0.1265,0.18,12
F,0.55,0.435,0.17,0.884,0.2875,0.1645,0.28,14
F,0.42,0.33,0.125,0.463,0.186,0.11,0.145,10
M,0.445,0.35,0.14,0.5905,0.2025,0.158,0.19,14
M,0.44,0.325,0.08,0.413,0.144,0.1015,0.13,8
M,0.515,0.405,0.14,0.8505,0.312,0.146,0.315,17
F,0.52,0.405,0.14,0.6915,0.276,0.137,0.215,11
M,0.5,0.39,0.13,0.709,0.275,0.168,0.18,11
M,0.425,0.325,0.12,0.3755,0.142,0.1065,0.105,9
M,0.57,0.42,0.155,1.008,0.377,0.193,0.34,13
F,0.47,0.355,0.18,0.441,0.1525,0.1165,0.135,8
F,0.52,0.425,0.145,0.7,0.207,0.1905,0.24,13
M,0.46,0.36,0.135,0.6105,0.1955,0.107,0.235,14
F,0.49,0.4,0.145,0.6635,0.21,0.1295,0.2515,13
M,0.5,0.385,0.145,0.7615,0.246,0.195,0.204,14
F,0.515,0.395,0.165,0.7565,0.1905,0.17,0.3205,10
F,0.475,0.38,0.145,0.57,0.167,0.118,0.187,11
M,0.45,0.36,0.16,0.567,0.174,0.1245,0.225,12
M,0.505,0.4,0.155,0.8415,0.2715,0.1775,0.285,12
M,0.495,0.4,0.14,0.7775,0.2015,0.18,0.25,15
F,0.48,0.39,0.125,0.6905,0.219,0.155,0.2,12
I,0.415,0.325,0.1,0.4665,0.2285,0.1065,0.114,7
M,0.465,0.375,0.11,0.5,0.21,0.113,0.1505,8
F,0.465,0.35,0.135,0.6265,0.259,0.1445,0.175,8
I,0.47,0.37,0.11,0.5555,0.25,0.115,0.163,8
F,0.47,0.375,0.12,0.6015,0.2765,0.1455,0.135,8
M,0.48,0.37,0.135,0.6315,0.3445,0.1015,0.161,7
M,0.5,0.4,0.13,0.7715,0.37,0.16,0.211,8
I,0.505,0.39,0.185,0.6125,0.267,0.142,0.172,7
M,0.525,0.425,0.19,0.872,0.4625,0.1725,0.199,9
M,0.54,0.42,0.12,0.8115,0.392,0.1455,0.2235,9
M,0.545,0.45,0.15,0.8795,0.387,0.15,0.2625,11
F,0.6,0.475,0.135,1.4405,0.5885,0.191,0.3175,9
I,0.44,0.345,0.115,0.545,0.269,0.111,0.1305,6
I,0.44,0.355,0.12,0.495,0.231,0.11,0.125,7
I,0.45,0.35,0.12,0.468,0.2005,0.1065,0.1325,8
F,0.455,0.35,0.12,0.4555,0.1945,0.1045,0.1375,7
F,0.46,0.35,0.115,0.46,0.2025,0.1115,0.1165,6
I,0.46,0.345,0.115,0.4215,0.1895,0.102,0.111,6
I,0.465,0.355,0.11,0.474,0.23,0.1005,0.12,7
M,0.465,0.34,0.105,0.486,0.231,0.1035,0.1225,9
I,0.475,0.385,0.11,0.5735,0.311,0.1025,0.136,7
I,0.475,0.355,0.105,0.468,0.201,0.1115,0.12,8
M,0.48,0.37,0.1,0.5135,0.243,0.1015,0.135,8
M,0.5,0.375,0.145,0.6215,0.274,0.166,0.1485,7
I,0.505,0.385,0.12,0.6005,0.239,0.142,0.185,7
M,0.515,0.395,0.12,0.646,0.285,0.1365,0.172,9
M,0.525,0.415,0.135,0.7945,0.394,0.189,0.202,7
M,0.525,0.425,0.125,0.812,0.4035,0.1705,0.195,8
M,0.53,0.41,0.14,0.681,0.3095,0.1415,0.1835,6
M,0.54,0.435,0.14,0.7345,0.33,0.1595,0.213,9
F,0.55,0.425,0.125,0.964,0.5475,0.159,0.215,8
F,0.57,0.445,0.15,0.995,0.504,0.185,0.2505,9
F,0.57,0.435,0.14,0.8585,0.3905,0.196,0.2295,8
F,0.58,0.445,0.145,0.888,0.41,0.1815,0.2425,8
I,0.46,0.37,0.12,0.5335,0.2645,0.108,0.1345,6
I,0.475,0.375,0.115,0.5205,0.233,0.119,0.1455,7
I,0.485,0.375,0.13,0.5535,0.266,0.112,0.157,8
I,0.49,0.375,0.125,0.5445,0.279,0.115,0.13,8
M,0.49,0.38,0.11,0.554,0.2935,0.1005,0.15,8
I,0.495,0.38,0.12,0.512,0.233,0.1205,0.136,7
I,0.5,0.39,0.125,0.583,0.294,0.132,0.1605,8
M,0.5,0.38,0.12,0.5765,0.273,0.135,0.145,9
M,0.505,0.4,0.135,0.723,0.377,0.149,0.178,7
I,0.51,0.395,0.155,0.5395,0.2465,0.1085,0.167,8
I,0.51,0.385,0.15,0.625,0.3095,0.119,0.1725,8
I,0.515,0.4,0.125,0.5925,0.265,0.1175,0.168,9
I,0.52,0.395,0.135,0.633,0.2985,0.1295,0.175,9
F,0.545,0.43,0.14,0.832,0.4355,0.17,0.201,9
M,0.545,0.42,0.145,0.778,0.3745,0.1545,0.205,7
M,0.545,0.42,0.12,0.7865,0.403,0.185,0.17,7
I,0.55,0.42,0.13,0.636,0.294,0.144,0.1755,8
F,0.55,0.44,0.135,0.8435,0.434,0.1995,0.185,8
I,0.555,0.425,0.13,0.648,0.2835,0.133,0.2105,8
M,0.565,0.43,0.13,0.784,0.3495,0.1885,0.213,9
F,0.57,0.43,0.16,0.811,0.3875,0.159,0.2285,9
F,0.575,0.48,0.15,0.897,0.4235,0.1905,0.248,8
M,0.58,0.455,0.13,0.852,0.41,0.1725,0.225,8
F,0.585,0.435,0.14,0.6955,0.3085,0.129,0.2245,8
M,0.59,0.47,0.15,0.861,0.413,0.164,0.249,8
F,0.595,0.465,0.15,1.1005,0.5415,0.166,0.265,8
M,0.63,0.465,0.15,1.027,0.537,0.188,0.176,8
M,0.48,0.375,0.12,0.5895,0.2535,0.128,0.172,11
I,0.485,0.38,0.125,0.5215,0.2215,0.118,0.16,8
I,0.49,0.365,0.125,0.5585,0.252,0.126,0.1615,10
I,0.51,0.385,0.145,0.7665,0.3985,0.14,0.1805,8
F,0.515,0.395,0.135,0.516,0.2015,0.132,0.162,9
M,0.515,0.41,0.14,0.7355,0.3065,0.137,0.2,7
I,0.525,0.385,0.13,0.607,0.2355,0.125,0.195,8
F,0.525,0.415,0.15,0.7055,0.329,0.147,0.199,10
I,0.525,0.4,0.13,0.6445,0.345,0.1285,0.2,8
I,0.525,0.375,0.12,0.6315,0.3045,0.114,0.19,9
M,0.535,0.43,0.155,0.7845,0.3285,0.169,0.245,10
I,0.55,0.43,0.145,0.712,0.3025,0.152,0.225,10
I,0.55,0.425,0.145,0.89,0.4325,0.171,0.236,10
I,0.55,0.42,0.155,0.912,0.495,0.1805,0.205,9
I,0.55,0.425,0.135,0.656,0.257,0.17,0.203,10
I,0.55,0.465,0.15,0.936,0.481,0.174,0.2435,9
I,0.555,0.435,0.145,0.6975,0.262,0.1575,0.24,11
I,0.56,0.44,0.14,0.825,0.402,0.139,0.245,10
I,0.56,0.435,0.135,0.72,0.329,0.103,0.251,11
I,0.565,0.43,0.15,0.8215,0.332,0.1685,0.29,11
F,0.58,0.425,0.15,0.844,0.3645,0.185,0.2705,9
I,0.585,0.46,0.145,0.8465,0.339,0.167,0.295,10
M,0.585,0.465,0.165,0.885,0.4025,0.1625,0.274,10
I,0.585,0.42,0.145,0.6735,0.2895,0.1345,0.22,9
M,0.59,0.47,0.145,0.9235,0.4545,0.173,0.254,9
M,0.6,0.45,0.145,0.877,0.4325,0.155,0.24,9
F,0.61,0.45,0.13,0.8725,0.389,0.1715,0.272,11
M,0.64,0.515,0.08,1.042,0.515,0.1755,0.175,10
I,0.455,0.35,0.105,0.4445,0.213,0.107,0.1115,7
I,0.46,0.365,0.115,0.511,0.2365,0.118,0.123,7
I,0.495,0.375,0.12,0.589,0.3075,0.1215,0.1405,8
M,0.5,0.365,0.13,0.5945,0.309,0.1085,0.1535,9
I,0.5,0.375,0.12,0.529,0.2235,0.123,0.16,8
M,0.52,0.4,0.105,0.872,0.4515,0.1615,0.1985,9
I,0.52,0.395,0.145,0.77,0.424,0.142,0.1895,7
F,0.525,0.43,0.135,0.8435,0.4325,0.18,0.1815,9
M,0.535,0.405,0.14,0.818,0.402,0.1715,0.189,7
F,0.54,0.42,0.14,0.8035,0.38,0.1805,0.21,9
F,0.54,0.415,0.15,0.8115,0.3875,0.1875,0.2035,9
F,0.57,0.425,0.13,0.782,0.3695,0.1745,0.1965,8
M,0.57,0.42,0.14,0.8745,0.416,0.165,0.25,8
F,0.58,0.445,0.135,0.95,0.484,0.182,0.2325,8
F,0.465,0.35,0.11,0.4085,0.165,0.102,0.131,8
I,0.47,0.385,0.13,0.587,0.264,0.117,0.174,8
I,0.475,0.375,0.11,0.494,0.211,0.109,0.1545,8
I,0.495,0.375,0.12,0.614,0.2855,0.1365,0.161,8
I,0.5,0.39,0.13,0.5075,0.2115,0.104,0.1755,9
I,0.5,0.37,0.12,0.5445,0.249,0.1065,0.152,8
I,0.505,0.425,0.125,0.6115,0.245,0.1375,0.2,9
I,0.505,0.4,0.125,0.5605,0.2255,0.1435,0.17,8
I,0.51,0.4,0.145,0.5775,0.231,0.143,0.177,9
I,0.51,0.4,0.125,0.5935,0.239,0.13,0.204,8
I,0.52,0.4,0.11,0.597,0.2935,0.1155,0.16,8
M,0.52,0.465,0.15,0.9505,0.456,0.199,0.255,8
I,0.53,0.38,0.125,0.616,0.292,0.113,0.185,8
M,0.53,0.405,0.15,0.8315,0.352,0.187,0.2525,10
F,0.535,0.445,0.125,0.8725,0.417,0.199,0.24,8
I,0.54,0.425,0.13,0.8155,0.3675,0.1365,0.246,11
I,0.54,0.415,0.11,0.619,0.2755,0.15,0.1765,10
I,0.545,0.43,0.13,0.7595,0.358,0.153,0.2055,8
I,0.545,0.43,0.15,0.742,0.3525,0.158,0.208,10
I,0.55,0.435,0.165,0.804,0.34,0.194,0.244,8
I,0.55,0.425,0.13,0.664,0.2695,0.163,0.21,8
F,0.55,0.435,0.14,0.745,0.347,0.174,0.2265,9
I,0.56,0.43,0.13,0.728,0.3355,0.1435,0.2175,8
I,0.56,0.435,0.13,0.777,0.354,0.173,0.222,9
F,0.575,0.425,0.15,0.8765,0.455,0.18,0.228,8
I,0.575,0.455,0.16,0.9895,0.495,0.195,0.246,9
M,0.575,0.45,0.165,0.9655,0.498,0.19,0.23,8
M,0.58,0.465,0.15,0.9065,0.371,0.1965,0.29,8
M,0.58,0.46,0.15,1.049,0.5205,0.1935,0.305,10
M,0.58,0.445,0.15,0.9525,0.4315,0.1945,0.287,11
F,0.58,0.44,0.125,0.7855,0.363,0.1955,0.195,11
I,0.585,0.45,0.135,0.855,0.3795,0.187,0.26,9
I,0.59,0.46,0.125,0.755,0.334,0.15,0.238,9
I,0.605,0.48,0.155,0.9995,0.425,0.1985,0.3,10
I,0.61,0.425,0.155,1.0485,0.507,0.1955,0.274,11
F,0.62,0.475,0.15,0.9545,0.455,0.1865,0.277,9
F,0.625,0.49,0.145,0.92,0.437,0.1735,0.28,10
M,0.625,0.49,0.12,0.8765,0.456,0.18,0.233,10
I,0.43,0.345,0.115,0.4295,0.212,0.108,0.109,8
I,0.5,0.37,0.115,0.5745,0.306,0.112,0.141,7
F,0.505,0.38,0.13,0.693,0.391,0.1195,0.1515,8
F,0.525,0.41,0.135,0.7905,0.4065,0.198,0.177,8
M,0.555,0.425,0.15,0.873,0.4625,0.1845,0.1965,9
F,0.625,0.49,0.11,1.136,0.5265,0.1915,0.2925,9
I,0.47,0.375,0.125,0.5225,0.2265,0.104,0.162,8
I,0.495,0.375,0.115,0.507,0.241,0.103,0.15,8
I,0.5,0.38,0.135,0.5285,0.226,0.123,0.209,8
I,0.515,0.385,0.125,0.572,0.237,0.1435,0.165,7
I,0.52,0.41,0.14,0.6625,0.2775,0.1555,0.196,11
I,0.52,0.395,0.115,0.6445,0.3155,0.1245,0.186,11
I,0.525,0.4,0.11,0.6275,0.3015,0.126,0.18,8
I,0.535,0.42,0.145,0.6885,0.273,0.1515,0.237,9
M,0.535,0.41,0.12,0.6835,0.3125,0.1655,0.159,8
M,0.54,0.42,0.19,0.6855,0.293,0.163,0.38,10
I,0.55,0.405,0.15,0.6755,0.3015,0.1465,0.21,10
I,0.55,0.445,0.145,0.783,0.3045,0.157,0.265,11
I,0.565,0.44,0.135,0.768,0.3305,0.1385,0.2475,9
M,0.575,0.47,0.15,0.9785,0.4505,0.196,0.276,9
M,0.575,0.445,0.14,0.737,0.325,0.1405,0.237,10
I,0.575,0.445,0.16,0.9175,0.45,0.1935,0.24,9
F,0.58,0.435,0.155,0.8785,0.425,0.1685,0.2425,10
M,0.595,0.48,0.14,0.9125,0.4095,0.1825,0.289,9
F,0.6,0.45,0.14,0.869,0.3425,0.195,0.291,11
M,0.6,0.45,0.15,0.8665,0.3695,0.1955,0.255,12
F,0.61,0.495,0.16,1.089,0.469,0.198,0.384,11
M,0.615,0.485,0.215,0.9615,0.422,0.176,0.29,11
I,0.62,0.475,0.16,0.907,0.371,0.167,0.3075,11
M,0.455,0.35,0.11,0.458,0.2,0.111,0.1305,8
M,0.46,0.355,0.14,0.491,0.207,0.115,0.174,10
M,0.495,0.38,0.12,0.474,0.197,0.1065,0.1545,10
M,0.51,0.395,0.125,0.5805,0.244,0.1335,0.188,11
F,0.52,0.43,0.15,0.728,0.302,0.1575,0.235,11
M,0.525,0.4,0.13,0.622,0.2655,0.147,0.184,9
M,0.53,0.415,0.12,0.706,0.3355,0.1635,0.1345,9
F,0.53,0.395,0.115,0.5685,0.249,0.1375,0.161,9
M,0.545,0.435,0.145,0.9385,0.3685,0.1245,0.345,11
F,0.55,0.43,0.15,0.655,0.2635,0.122,0.221,8
M,0.595,0.455,0.145,0.942,0.43,0.182,0.277,11
M,0.465,0.405,0.135,0.7775,0.436,0.1715,0.1455,10
M,0.51,0.415,0.145,0.751,0.3295,0.1835,0.203,8
F,0.525,0.4,0.135,0.714,0.318,0.138,0.208,10
F,0.525,0.4,0.13,0.6995,0.3115,0.131,0.223,9
F,0.55,0.425,0.14,0.952,0.4895,0.1945,0.2185,7
M,0.56,0.42,0.15,0.8755,0.44,0.1965,0.2315,8
F,0.575,0.45,0.135,0.8285,0.362,0.1655,0.236,10
F,0.485,0.39,0.1,0.5565,0.2215,0.1155,0.185,9
M,0.46,0.36,0.125,0.547,0.2165,0.1105,0.19,8
M,0.46,0.35,0.125,0.5165,0.1885,0.1145,0.185,9
M,0.535,0.42,0.125,0.764,0.312,0.1505,0.265,11
M,0.51,0.4,0.14,0.6905,0.259,0.151,0.23,10
M,0.55,0.425,0.16,0.97,0.2885,0.139,0.48,20
F,0.47,0.375,0.105,0.513,0.232,0.142,0.13,11
M,0.54,0.41,0.13,0.56,0.2375,0.1065,0.175,7
M,0.505,0.395,0.125,0.635,0.29,0.1555,0.175,9
M,0.535,0.44,0.165,0.875,0.279,0.18,0.3,10
F,0.545,0.41,0.115,0.6765,0.29,0.158,0.22,9
M,0.525,0.405,0.16,0.792,0.316,0.1455,0.28,13
F,0.505,0.405,0.18,0.606,0.239,0.1235,0.18,11
I,0.51,0.405,0.12,0.61,0.229,0.131,0.235,11
F,0.49,0.38,0.13,0.539,0.229,0.1355,0.165,12
F,0.505,0.41,0.135,0.657,0.291,0.133,0.195,15
M,0.565,0.44,0.115,0.9185,0.404,0.1785,0.29,11
F,0.47,0.36,0.11,0.4965,0.237,0.127,0.13,6
F,0.51,0.385,0.135,0.632,0.282,0.145,0.17,8
F,0.525,0.405,0.115,0.72,0.3105,0.1915,0.2,14
M,0.45,0.335,0.14,0.478,0.1865,0.115,0.16,11
F,0.49,0.38,0.155,0.578,0.2395,0.1255,0.18,9
F,0.505,0.405,0.16,0.6835,0.271,0.145,0.215,10
I,0.48,0.38,0.125,0.523,0.2105,0.1045,0.175,15
M,0.5,0.4,0.145,0.6025,0.216,0.138,0.21,11
M,0.52,0.415,0.175,0.753,0.258,0.171,0.255,8
F,0.42,0.32,0.13,0.4135,0.1645,0.106,0.119,10
F,0.45,0.35,0.135,0.56,0.231,0.137,0.145,13
I,0.42,0.325,0.125,0.3915,0.1575,0.1025,0.115,9
M,0.485,0.41,0.15,0.696,0.2405,0.1625,0.265,13
M,0.555,0.435,0.135,0.858,0.377,0.1585,0.29,15
F,0.435,0.35,0.125,0.459,0.197,0.1145,0.145,9
I,0.455,0.375,0.125,0.533,0.233,0.106,0.185,8
M,0.48,0.38,0.13,0.6175,0.3,0.142,0.175,12
F,0.435,0.35,0.105,0.4195,0.194,0.1005,0.13,7
F,0.575,0.48,0.15,0.8745,0.375,0.193,0.29,12
M,0.505,0.385,0.11,0.655,0.3185,0.15,0.185,9
M,0.455,0.375,0.125,0.484,0.2155,0.102,0.165,7
M,0.565,0.45,0.115,0.9085,0.398,0.197,0.29,17
M,0.48,0.38,0.135,0.528,0.2,0.1395,0.16,14
F,0.495,0.385,0.135,0.6625,0.3005,0.1635,0.185,11
F,0.4,0.335,0.115,0.4335,0.2105,0.1205,0.12,10
F,0.625,0.475,0.13,0.8595,0.3195,0.1775,0.24,13
M,0.52,0.425,0.155,0.7735,0.297,0.123,0.255,17
M,0.465,0.36,0.125,0.4365,0.169,0.1075,0.145,11
F,0.475,0.375,0.14,0.501,0.192,0.1175,0.175,13
F,0.5,0.405,0.14,0.6735,0.265,0.124,0.25,18
F,0.465,0.39,0.14,0.5555,0.213,0.1075,0.215,15
M,0.525,0.415,0.16,0.6445,0.26,0.1575,0.22,12
M,0.55,0.45,0.17,0.81,0.317,0.157,0.22,11
M,0.55,0.46,0.13,0.7085,0.305,0.1455,0.205,12
M,0.535,0.42,0.16,0.72,0.275,0.164,0.225,15
F,0.51,0.395,0.12,0.6175,0.262,0.122,0.193,12
M,0.53,0.405,0.13,0.738,0.2845,0.17,0.193,9
F,0.495,0.375,0.15,0.597,0.2615,0.135,0.178,11
M,0.59,0.45,0.12,0.7485,0.3345,0.1315,0.22,14
F,0.565,0.45,0.185,0.9285,0.302,0.1805,0.265,12
F,0.57,0.435,0.14,0.8085,0.3235,0.183,0.22,16
F,0.45,0.325,0.135,0.438,0.1805,0.1165,0.11,9
I,0.485,0.355,0.12,0.5085,0.21,0.122,0.135,9
F,0.48,0.38,0.135,0.507,0.1915,0.1365,0.155,12
F,0.505,0.41,0.15,0.6345,0.243,0.1335,0.215,17
I,0.45,0.355,0.115,0.4385,0.184,0.108,0.1125,11
F,0.535,0.425,0.155,0.7765,0.302,0.1565,0.25,16
I,0.49,0.385,0.14,0.5425,0.198,0.127,0.175,11
F,0.48,0.37,0.13,0.5885,0.2475,0.1505,0.1595,15
F,0.545,0.435,0.15,0.6855,0.2905,0.145,0.225,10
F,0.51,0.34,0.18,0.7005,0.312,0.165,0.2,11
F,0.585,0.475,0.185,0.8575,0.3465,0.1785,0.275,12
F,0.49,0.39,0.135,0.59,0.215,0.125,0.1845,12
F,0.48,0.38,0.145,0.59,0.232,0.141,0.23,12
I,0.49,0.385,0.115,0.683,0.3265,0.1615,0.165,13
I,0.47,0.375,0.105,0.468,0.1665,0.108,0.17,10
F,0.51,0.38,0.13,0.584,0.224,0.1355,0.185,13
F,0.52,0.405,0.145,0.829,0.3535,0.1685,0.205,15
I,0.475,0.365,0.14,0.4545,0.171,0.118,0.158,8
I,0.59,0.465,0.195,1.0885,0.3685,0.187,0.375,17
M,0.455,0.345,0.125,0.44,0.169,0.1065,0.135,12
M,0.54,0.405,0.155,0.9715,0.3225,0.194,0.29,19
F,0.475,0.375,0.125,0.588,0.237,0.1715,0.155,10
F,0.46,0.33,0.15,0.5325,0.2085,0.1805,0.125,10
M,0.495,0.4,0.12,0.6605,0.2605,0.161,0.19,15
M,0.5,0.375,0.13,0.721,0.3055,0.1725,0.22,14
F,0.475,0.35,0.115,0.487,0.194,0.1455,0.125,13
M,0.545,0.41,0.145,0.873,0.3035,0.196,0.31,18
M,0.545,0.42,0.125,0.9745,0.353,0.174,0.305,13
F,0.475,0.375,0.15,0.559,0.1955,0.1215,0.1945,12
F,0.46,0.35,0.115,0.44,0.19,0.1025,0.13,8
M,0.48,0.395,0.15,0.6815,0.2145,0.1405,0.2495,18
M,0.455,0.345,0.15,0.5795,0.1685,0.125,0.215,13
I,0.48,0.355,0.115,0.5785,0.25,0.106,0.184,8
M,0.49,0.395,0.12,0.674,0.3325,0.1235,0.185,9
F,0.49,0.37,0.105,0.5265,0.249,0.1005,0.148,7
M,0.56,0.45,0.14,0.9,0.472,0.182,0.218,7
I,0.465,0.37,0.1,0.5055,0.234,0.11,0.14,7
F,0.465,0.355,0.115,0.4705,0.1955,0.118,0.126,7
M,0.48,0.37,0.13,0.643,0.349,0.1155,0.135,8
I,0.485,0.37,0.1,0.513,0.219,0.1075,0.13,7
F,0.49,0.4,0.115,0.569,0.256,0.1325,0.145,9
I,0.495,0.4,0.145,0.578,0.2545,0.1305,0.1645,8
I,0.5,0.385,0.11,0.596,0.3015,0.104,0.151,8
F,0.505,0.39,0.12,0.5725,0.2555,0.1325,0.146,8
M,0.52,0.39,0.12,0.6435,0.2885,0.157,0.161,7
M,0.52,0.395,0.125,0.8115,0.4035,0.166,0.2,7
F,0.525,0.44,0.125,0.7115,0.3205,0.159,0.1915,7
M,0.55,0.44,0.155,0.9155,0.3645,0.195,0.25,8
F,0.555,0.44,0.145,0.8815,0.43,0.1975,0.2155,8
F,0.555,0.42,0.11,0.931,0.4445,0.171,0.225,8
I,0.47,0.355,0.145,0.4485,0.156,0.102,0.123,7
I,0.475,0.42,0.16,0.7095,0.35,0.1505,0.1845,8
I,0.485,0.37,0.115,0.637,0.38,0.1335,0.128,7
I,0.51,0.405,0.13,0.599,0.3065,0.1155,0.1485,8
I,0.52,0.38,0.13,0.5345,0.2375,0.122,0.1535,8
F,0.53,0.42,0.14,0.627,0.2905,0.1165,0.183,8
M,0.535,0.42,0.16,0.7465,0.348,0.1515,0.2185,10
M,0.555,0.44,0.145,0.85,0.4165,0.1685,0.23,8
M,0.555,0.44,0.15,0.838,0.4155,0.146,0.23,8
F,0.555,0.43,0.135,0.812,0.4055,0.163,0.2215,9
M,0.56,0.415,0.13,0.7615,0.3695,0.17,0.1955,8
F,0.595,0.47,0.165,1.0155,0.491,0.1905,0.289,9
M,0.6,0.41,0.145,0.939,0.4475,0.196,0.268,8
I,0.45,0.35,0.11,0.514,0.253,0.1045,0.14,8
I,0.475,0.355,0.125,0.4865,0.2155,0.1105,0.142,9
F,0.495,0.37,0.12,0.594,0.28,0.11,0.1375,7
I,0.5,0.365,0.125,0.528,0.229,0.103,0.1645,9
M,0.505,0.39,0.115,0.5585,0.2575,0.119,0.1535,8
I,0.515,0.4,0.135,0.636,0.3055,0.1215,0.1855,9
I,0.525,0.39,0.105,0.567,0.2875,0.1075,0.16,8
I,0.53,0.405,0.13,0.6615,0.2945,0.1395,0.19,9
I,0.53,0.42,0.13,0.658,0.296,0.1245,0.198,8
M,0.535,0.415,0.135,0.78,0.3165,0.169,0.2365,8
I,0.535,0.41,0.13,0.6075,0.268,0.1225,0.1975,9
I,0.54,0.41,0.135,0.7025,0.31,0.177,0.2,8
I,0.55,0.425,0.155,0.8725,0.412,0.187,0.2425,10
I,0.57,0.42,0.13,0.7745,0.3535,0.1505,0.2365,9
F,0.57,0.42,0.16,0.8875,0.4315,0.1915,0.223,8
I,0.575,0.44,0.125,0.8515,0.4555,0.1715,0.1965,9
I,0.58,0.46,0.14,0.9265,0.4135,0.1845,0.27,10
I,0.58,0.46,0.14,0.8295,0.3915,0.165,0.238,10
I,0.58,0.47,0.15,0.907,0.444,0.1855,0.2445,11
M,0.58,0.47,0.165,1.041,0.54,0.166,0.279,9
F,0.595,0.465,0.145,0.7955,0.3425,0.1795,0.2425,10
M,0.6,0.47,0.15,0.928,0.4225,0.183,0.275,8
F,0.6,0.475,0.155,1.059,0.441,0.19,0.39,11
F,0.6,0.485,0.145,0.776,0.3545,0.1585,0.239,9
M,0.65,0.515,0.185,1.3745,0.75,0.1805,0.369,12
F,0.655,0.53,0.165,1.2835,0.583,0.1255,0.4,8
I,0.455,0.37,0.11,0.514,0.2385,0.1235,0.126,8
I,0.495,0.375,0.115,0.5755,0.31,0.1145,0.1395,8
F,0.51,0.375,0.11,0.5805,0.2865,0.118,0.148,7
M,0.515,0.39,0.14,0.678,0.341,0.1325,0.119,8
M,0.545,0.43,0.155,0.8035,0.409,0.144,0.228,7
F,0.555,0.405,0.12,0.913,0.4585,0.196,0.2065,9
I,0.49,0.39,0.12,0.511,0.2205,0.103,0.1745,9
I,0.515,0.405,0.13,0.573,0.213,0.134,0.195,9
I,0.52,0.415,0.14,0.6385,0.2945,0.1405,0.171,8
I,0.525,0.405,0.125,0.657,0.2985,0.1505,0.168,10
F,0.525,0.425,0.14,0.8735,0.4205,0.182,0.2225,10
I,0.53,0.42,0.14,0.6765,0.256,0.1855,0.208,9
M,0.53,0.41,0.125,0.769,0.346,0.173,0.215,9
I,0.53,0.395,0.125,0.6235,0.2975,0.108,0.195,11
M,0.535,0.405,0.14,0.7315,0.336,0.156,0.19,7
I,0.535,0.45,0.155,0.8075,0.3655,0.148,0.2595,10
M,0.545,0.41,0.14,0.737,0.349,0.15,0.212,9
F,0.545,0.41,0.125,0.654,0.2945,0.1315,0.205,10
I,0.55,0.415,0.15,0.7915,0.3535,0.176,0.236,10
I,0.55,0.45,0.14,0.753,0.3445,0.1325,0.24,8
I,0.55,0.4,0.135,0.717,0.3315,0.1495,0.221,9
I,0.555,0.43,0.15,0.783,0.345,0.1755,0.247,9
I,0.575,0.45,0.145,0.872,0.4675,0.18,0.217,9
I,0.585,0.46,0.14,0.7635,0.326,0.153,0.265,9
M,0.59,0.465,0.135,0.9895,0.4235,0.199,0.28,8
I,0.595,0.47,0.135,0.9365,0.434,0.184,0.287,10
F,0.595,0.44,0.135,0.964,0.5005,0.1715,0.2575,10
M,0.62,0.525,0.155,1.085,0.454,0.1965,0.35,10
I,0.62,0.47,0.155,0.966,0.447,0.171,0.284,11
I,0.36,0.25,0.115,0.465,0.21,0.1055,0.128,7
F,0.38,0.32,0.115,0.6475,0.323,0.1325,0.164,7
M,0.43,0.31,0.13,0.6485,0.2735,0.163,0.184,9
I,0.465,0.36,0.105,0.452,0.22,0.159,0.1035,9
I,0.47,0.355,0.12,0.4915,0.1765,0.1125,0.1325,9
F,0.485,0.365,0.15,0.9145,0.4145,0.199,0.273,7
I,0.5,0.395,0.145,0.7865,0.332,0.1815,0.2455,8
M,0.505,0.4,0.15,0.775,0.3445,0.157,0.185,7
I,0.51,0.375,0.15,0.8415,0.3845,0.156,0.255,10
M,0.51,0.38,0.135,0.681,0.3435,0.142,0.17,9
M,0.515,0.37,0.115,0.6145,0.3415,0.155,0.146,9
I,0.51,0.395,0.105,0.5525,0.234,0.127,0.165,8
I,0.515,0.39,0.12,0.565,0.235,0.135,0.179,9
I,0.52,0.41,0.14,0.699,0.3395,0.129,0.1945,10
I,0.525,0.4,0.14,0.6055,0.2605,0.108,0.21,9
M,0.53,0.425,0.155,0.7905,0.307,0.171,0.2595,9
M,0.53,0.425,0.13,0.702,0.2975,0.1395,0.22,9
M,0.53,0.42,0.135,0.675,0.294,0.156,0.1825,10
I,0.53,0.395,0.115,0.475,0.2025,0.101,0.148,8
I,0.53,0.41,0.15,0.612,0.2435,0.1525,0.1895,11
I,0.535,0.4,0.145,0.705,0.3065,0.1365,0.22,10
I,0.535,0.45,0.135,0.728,0.2845,0.1845,0.265,9
F,0.555,0.44,0.14,0.846,0.346,0.1715,0.2735,10
M,0.555,0.46,0.16,0.86,0.3345,0.1935,0.275,10
I,0.565,0.43,0.125,0.6545,0.2815,0.139,0.21,9
I,0.575,0.45,0.145,0.795,0.364,0.1505,0.26,10
I,0.58,0.42,0.14,0.701,0.3285,0.102,0.2255,9
M,0.58,0.45,0.155,0.8275,0.321,0.1975,0.2445,8
I,0.59,0.45,0.125,0.86,0.437,0.1515,0.245,9
M,0.615,0.455,0.13,0.9685,0.49,0.182,0.2655,10
F,0.45,0.365,0.115,0.5885,0.318,0.121,0.1325,8
M,0.515,0.385,0.13,0.623,0.2855,0.1285,0.175,10
F,0.52,0.375,0.135,0.5375,0.221,0.117,0.17,8
I,0.525,0.4,0.125,0.5655,0.2435,0.119,0.175,8
M,0.555,0.445,0.13,0.8625,0.4225,0.155,0.24,9
M,0.565,0.445,0.14,0.836,0.406,0.1605,0.2245,9
M,0.57,0.45,0.14,0.9275,0.477,0.1605,0.2515,8
M,0.57,0.44,0.145,0.8815,0.3605,0.1955,0.2735,10
M,0.5,0.385,0.12,0.6335,0.2305,0.125,0.235,14
F,0.545,0.42,0.175,0.754,0.256,0.1775,0.275,10
M,0.535,0.41,0.15,0.8105,0.345,0.187,0.24,11
M,0.5,0.42,0.125,0.62,0.255,0.15,0.205,11
F,0.615,0.475,0.145,0.9525,0.3915,0.195,0.32,9
M,0.575,0.45,0.16,0.955,0.44,0.1685,0.27,16
M,0.57,0.45,0.155,0.91,0.326,0.1895,0.355,14
M,0.55,0.41,0.15,0.785,0.282,0.186,0.275,12
F,0.485,0.4,0.155,0.731,0.236,0.183,0.255,11
F,0.55,0.465,0.15,1.082,0.3575,0.194,0.19,14
M,0.475,0.37,0.125,0.655,0.266,0.1725,0.185,10
M,0.525,0.395,0.165,0.782,0.285,0.1405,0.285,19
F,0.525,0.43,0.165,0.717,0.289,0.1745,0.195,10
F,0.5,0.39,0.13,0.6355,0.2505,0.1635,0.195,15
F,0.49,0.385,0.16,0.656,0.2455,0.171,0.205,9
F,0.515,0.4,0.115,0.578,0.191,0.1445,0.17,9
F,0.525,0.41,0.15,0.708,0.274,0.151,0.25,12
M,0.545,0.45,0.16,0.8615,0.2925,0.1545,0.365,16
M,0.45,0.355,0.115,0.478,0.18,0.1185,0.155,10
M,0.54,0.425,0.12,0.817,0.2945,0.153,0.195,10
M,0.515,0.4,0.14,0.7365,0.2955,0.184,0.185,16
F,0.56,0.46,0.18,0.97,0.342,0.196,0.355,12
F,0.5,0.4,0.15,0.8085,0.273,0.112,0.295,13
M,0.495,0.38,0.135,0.6295,0.263,0.1425,0.215,12
F,0.595,0.5,0.18,1.053,0.4405,0.192,0.39,13
F,0.565,0.46,0.15,0.8765,0.3455,0.1925,0.275,10
M,0.445,0.345,0.14,0.476,0.2055,0.1015,0.1085,15
F,0.525,0.43,0.125,0.813,0.3315,0.166,0.1775,12
M,0.575,0.47,0.165,0.853,0.292,0.179,0.35,16
I,0.48,0.39,0.15,0.6275,0.276,0.134,0.185,13
I,0.455,0.365,0.135,0.441,0.1515,0.1165,0.145,9
F,0.455,0.375,0.125,0.458,0.1985,0.111,0.12,10
I,0.52,0.405,0.14,0.6765,0.2865,0.146,0.205,15
I,0.54,0.4,0.145,0.757,0.315,0.181,0.215,11
I,0.52,0.39,0.14,0.7325,0.2415,0.144,0.26,19
F,0.52,0.41,0.16,0.712,0.2845,0.153,0.225,10
I,0.565,0.43,0.135,0.8545,0.321,0.1775,0.275,11
I,0.525,0.4,0.14,0.6955,0.2405,0.16,0.253,10
F,0.5,0.4,0.165,0.7105,0.27,0.1455,0.225,20
F,0.47,0.35,0.115,0.487,0.1955,0.127,0.155,8
I,0.58,0.42,0.16,0.728,0.2725,0.19,0.19,14
I,0.5,0.38,0.155,0.6675,0.2745,0.156,0.18,12
I,0.55,0.44,0.165,0.8605,0.312,0.169,0.3,17
F,0.49,0.37,0.115,0.541,0.171,0.1175,0.185,11
M,0.52,0.41,0.115,0.77,0.263,0.157,0.26,11
F,0.475,0.4,0.115,0.541,0.186,0.1025,0.21,13
M,0.53,0.425,0.11,0.739,0.237,0.161,0.295,13
M,0.505,0.39,0.105,0.6555,0.2595,0.18,0.19,11
F,0.525,0.4,0.115,0.6295,0.2555,0.144,0.18,11
M,0.55,0.44,0.16,0.991,0.348,0.168,0.375,20
M,0.525,0.41,0.165,0.8005,0.2635,0.1985,0.25,13
M,0.475,0.365,0.14,0.6175,0.202,0.1445,0.19,16
F,0.53,0.4,0.165,0.772,0.2855,0.1975,0.23,12
F,0.525,0.415,0.15,0.7155,0.2355,0.171,0.27,13
F,0.53,0.425,0.13,0.717,0.2115,0.166,0.255,13
F,0.465,0.39,0.11,0.6355,0.1815,0.157,0.225,13
M,0.485,0.385,0.105,0.556,0.296,0.104,0.133,7
I,0.49,0.385,0.12,0.591,0.271,0.1125,0.1775,9
F,0.515,0.395,0.14,0.686,0.281,0.1255,0.22,12
F,0.555,0.44,0.155,1.016,0.4935,0.1855,0.263,10
I,0.44,0.33,0.135,0.4095,0.163,0.1005,0.119,6
I,0.475,0.35,0.12,0.4905,0.2035,0.13,0.135,7
M,0.485,0.39,0.12,0.599,0.251,0.1345,0.169,8
M,0.495,0.375,0.115,0.6245,0.282,0.143,0.155,6
F,0.525,0.41,0.115,0.7745,0.416,0.163,0.18,7
I,0.58,0.435,0.15,0.8915,0.363,0.1925,0.2515,6
I,0.48,0.35,0.105,0.635,0.352,0.127,0.135,6
I,0.485,0.375,0.125,0.562,0.2505,0.1345,0.1525,8
I,0.51,0.39,0.125,0.597,0.293,0.1265,0.1555,8
M,0.52,0.395,0.125,0.5815,0.2565,0.1265,0.17,10
F,0.555,0.43,0.14,0.7545,0.3525,0.1835,0.2015,9
I,0.44,0.325,0.11,0.4965,0.258,0.1195,0.1075,8
I,0.485,0.365,0.09,0.651,0.3165,0.132,0.18,8
I,0.495,0.385,0.125,0.5125,0.2075,0.1155,0.172,10
M,0.51,0.405,0.125,0.6925,0.327,0.155,0.1805,7
I,0.52,0.41,0.14,0.5995,0.242,0.1375,0.182,11
I,0.54,0.42,0.14,0.74,0.3595,0.159,0.1985,8
I,0.54,0.415,0.155,0.702,0.322,0.167,0.19,10
I,0.55,0.445,0.125,0.672,0.288,0.1365,0.21,11
I,0.56,0.44,0.155,0.811,0.3685,0.178,0.235,11
F,0.575,0.45,0.12,0.9585,0.447,0.169,0.275,12
I,0.575,0.45,0.15,0.858,0.449,0.166,0.215,10
F,0.575,0.46,0.165,0.9575,0.4815,0.1945,0.236,10
M,0.6,0.46,0.155,0.6655,0.285,0.149,0.269,11
F,0.625,0.495,0.16,1.234,0.6335,0.192,0.35,13
M,0.625,0.495,0.155,1.025,0.46,0.1945,0.34,9
M,0.515,0.39,0.12,0.6125,0.302,0.1365,0.1415,8
I,0.545,0.405,0.13,0.658,0.327,0.1445,0.174,8
I,0.48,0.335,0.125,0.524,0.246,0.1095,0.145,7
I,0.5,0.36,0.12,0.439,0.1875,0.1055,0.1305,8
I,0.515,0.395,0.125,0.5805,0.2365,0.1075,0.19,9
I,0.52,0.4,0.14,0.622,0.278,0.1455,0.169,8
M,0.545,0.45,0.15,0.7805,0.3795,0.1625,0.216,8
I,0.545,0.43,0.14,0.772,0.289,0.19,0.2615,8
I,0.55,0.435,0.125,0.741,0.348,0.1585,0.206,9
M,0.55,0.43,0.18,0.8265,0.4405,0.159,0.225,10
M,0.55,0.385,0.13,0.7275,0.343,0.1625,0.19,8
I,0.555,0.43,0.125,0.7005,0.3395,0.1355,0.2095,8
M,0.56,0.45,0.145,0.9355,0.425,0.1645,0.2725,11
M,0.57,0.445,0.16,1.0145,0.516,0.164,0.3,10
I,0.595,0.475,0.155,0.984,0.4865,0.184,0.2755,10
F,0.635,0.485,0.155,1.073,0.467,0.1975,0.35,11
I,0.48,0.35,0.1,0.519,0.2365,0.1275,0.126,7
M,0.48,0.365,0.13,0.5305,0.2405,0.127,0.139,8
I,0.515,0.4,0.14,0.7165,0.3495,0.1595,0.1785,8
F,0.57,0.45,0.15,0.9645,0.531,0.189,0.209,9
I,0.46,0.365,0.11,0.4495,0.1755,0.102,0.15,8
I,0.49,0.375,0.115,0.557,0.2275,0.1335,0.1765,8
I,0.5,0.385,0.12,0.516,0.197,0.1305,0.165,8
I,0.54,0.415,0.135,0.709,0.3195,0.174,0.185,9
M,0.55,0.42,0.145,0.7385,0.321,0.1485,0.252,11
I,0.55,0.445,0.11,0.7935,0.378,0.142,0.26,10
I,0.57,0.425,0.14,0.7655,0.331,0.14,0.24,10
M,0.58,0.45,0.14,0.824,0.3465,0.1765,0.263,10
I,0.58,0.425,0.145,0.83,0.379,0.1605,0.2575,11
F,0.615,0.495,0.155,1.0805,0.52,0.19,0.32,9
M,0.475,0.37,0.11,0.4895,0.2185,0.107,0.146,8
M,0.475,0.36,0.14,0.5135,0.241,0.1045,0.155,8
F,0.56,0.44,0.135,0.8025,0.35,0.1615,0.259,9
M,0.5,0.38,0.125,0.577,0.269,0.1265,0.1535,9
F,0.515,0.4,0.125,0.615,0.2865,0.123,0.1765,8
M,0.52,0.385,0.165,0.791,0.375,0.18,0.1815,10
M,0.55,0.43,0.13,0.8395,0.3155,0.1955,0.2405,10
M,0.56,0.43,0.155,0.8675,0.4,0.172,0.229,8
