F,0.68,0.56,0.165,1.639,0.6055,0.2805,0.46,15
F,0.68,0.55,0.175,1.798,0.815,0.3925,0.455,19
F,0.705,0.55,0.2,1.7095,0.633,0.4115,0.49,13
F,0.595,0.495,0.185,1.285,0.416,0.224,0.485,13
F,0.595,0.475,0.17,1.247,0.48,0.225,0.425,20
F,0.57,0.465,0.18,1.295,0.339,0.2225,0.44,12
M,0.625,0.465,0.14,1.195,0.4825,0.205,0.4,13
M,0.695,0.56,0.19,1.494,0.588,0.3425,0.485,15
M,0.665,0.535,0.195,1.606,0.5755,0.388,0.48,14
M,0.595,0.48,0.165,1.262,0.4835,0.283,0.41,17
M,0.65,0.52,0.19,1.3445,0.519,0.306,0.4465,16
F,0.635,0.515,0.19,1.3715,0.5065,0.305,0.45,10
F,0.575,0.46,0.165,1.124,0.2985,0.1785,0.44,13
F,0.645,0.51,0.2,1.5675,0.621,0.367,0.46,12
M,0.64,0.5,0.185,1.3035,0.4445,0.2635,0.465,16
M,0.625,0.505,0.215,1.4455,0.496,0.287,0.435,22
M,0.56,0.45,0.185,1.07,0.3805,0.175,0.41,19
M,0.63,0.505,0.225,1.525,0.56,0.3335,0.45,15
M,0.63,0.515,0.155,1.259,0.4105,0.197,0.41,13
F,0.66,0.53,0.185,1.3485,0.493,0.245,0.49,12
M,0.635,0.525,0.205,1.484,0.55,0.3115,0.43,20
F,0.62,0.47,0.2,1.2255,0.381,0.27,0.435,23
M,0.63,0.485,0.175,1.3,0.4335,0.2945,0.46,23
M,0.59,0.45,0.185,1.283,0.473,0.276,0.425,16
F,0.62,0.51,0.205,1.3475,0.4775,0.2565,0.48,14
F,0.685,0.545,0.18,1.768,0.7495,0.392,0.485,16
F,0.65,0.525,0.175,1.4225,0.61,0.2995,0.445,20
F,0.69,0.56,0.215,1.719,0.68,0.299,0.47,17
F,0.65,0.545,0.165,1.566,0.6645,0.3455,0.415,16
F,0.7,0.575,0.17,1.31,0.5095,0.314,0.42,14
M,0.685,0.52,0.15,1.343,0.4635,0.292,0.4,13
F,0.63,0.5,0.17,1.3135,0.5595,0.267,0.4,20
M,0.63,0.515,0.165,1.352,0.488,0.349,0.45,20
F,0.675,0.535,0.16,1.41,0.592,0.3175,0.42,16
F,0.67,0.55,0.19,1.3905,0.5425,0.3035,0.4,12
M,0.655,0.53,0.195,1.388,0.567,0.2735,0.41,13
M,0.675,0.555,0.2,1.4385,0.545,0.2665,0.465,21
M,0.665,0.54,0.175,1.347,0.4955,0.254,0.415,17
M,0.66,0.545,0.185,1.32,0.5305,0.2635,0.455,16
F,0.7,0.585,0.185,1.8075,0.7055,0.3215,0.475,29
F,0.655,0.51,0.155,1.2895,0.5345,0.2855,0.41,11
M,0.655,0.53,0.175,1.2635,0.486,0.2635,0.415,15
F,0.64,0.52,0.175,1.248,0.4245,0.2595,0.48,12
F,0.625,0.485,0.19,1.1745,0.4385,0.2305,0.42,17
F,0.66,0.53,0.17,1.326,0.519,0.2625,0.44,13
F,0.59,0.455,0.155,1.066,0.382,0.2275,0.415,20
F,0.645,0.525,0.19,1.4635,0.6615,0.3435,0.435,19
F,0.66,0.52,0.18,1.514,0.526,0.2975,0.42,19
F,0.615,0.515,0.17,1.14,0.4305,0.2245,0.42,16
I,0.58,0.49,0.195,1.3165,0.5305,0.254,0.41,18
M,0.555,0.44,0.15,1.092,0.416,0.212,0.4405,15
F,0.66,0.52,0.2,1.676,0.673,0.4805,0.45,17
F,0.605,0.495,0.19,1.437,0.469,0.2655,0.41,15
M,0.64,0.51,0.19,1.613,0.6215,0.361,0.47,14
M,0.615,0.505,0.165,1.34,0.5315,0.2815,0.41,12
F,0.625,0.49,0.155,1.2085,0.465,0.162,0.411,11
M,0.63,0.505,0.165,1.26,0.4525,0.2755,0.406,14
M,0.655,0.52,0.165,1.4095,0.586,0.291,0.405,9
M,0.66,0.53,0.17,1.3905,0.5905,0.212,0.453,15
M,0.66,0.52,0.19,1.558,0.755,0.298,0.4,10
F,0.67,0.585,0.16,1.309,0.5445,0.2945,0.413,10
F,0.675,0.525,0.17,1.8095,0.784,0.391,0.455,12
F,0.675,0.525,0.155,1.4785,0.628,0.3405,0.42,9
F,0.68,0.56,0.195,1.7775,0.861,0.322,0.415,11
F,0.685,0.54,0.16,1.6675,0.833,0.3775,0.475,11
F,0.695,0.56,0.22,1.834,0.8455,0.422,0.455,11
M,0.625,0.49,0.175,1.3325,0.5705,0.271,0.405,10
F,0.625,0.485,0.2,1.38,0.5845,0.302,0.401,9
F,0.64,0.5,0.17,1.5175,0.693,0.326,0.409,11
F,0.64,0.5,0.175,1.394,0.4935,0.291,0.4,10
M,0.645,0.52,0.175,1.636,0.779,0.342,0.432,11
M,0.645,0.52,0.175,1.561,0.709,0.3555,0.4,8
M,0.65,0.52,0.21,1.6785,0.6665,0.308,0.46,11
M,0.65,0.525,0.185,1.622,0.6645,0.3225,0.477,10
F,0.655,0.51,0.175,1.6525,0.8515,0.3365,0.403,10
F,0.66,0.505,0.185,1.528,0.69,0.3025,0.441,11
M,0.66,0.495,0.195,1.6275,0.594,0.3595,0.485,10
M,0.67,0.525,0.165,1.6085,0.682,0.3145,0.4005,11
F,0.675,0.57,0.225,1.587,0.739,0.2995,0.435,10
M,0.68,0.535,0.185,1.607,0.7245,0.3215,0.498,12
M,0.69,0.525,0.175,1.7005,0.8255,0.362,0.405,8
M,0.69,0.505,0.2,1.872,0.893,0.4015,0.48,10
F,0.705,0.535,0.18,1.685,0.693,0.42,0.4045,12
M,0.715,0.565,0.175,1.9525,0.7645,0.4185,0.4135,10
F,0.715,0.525,0.185,1.56,0.6655,0.383,0.405,11
M,0.58,0.455,0.195,1.859,0.945,0.426,0.441,9
F,0.65,0.5,0.19,1.464,0.6415,0.339,0.4245,9
F,0.66,0.53,0.185,1.346,0.546,0.2705,0.476,11
F,0.685,0.54,0.215,1.7025,0.664,0.3655,0.4735,14
M,0.685,0.52,0.165,1.519,0.699,0.3685,0.4,10
M,0.695,0.56,0.185,1.74,0.885,0.3715,0.4375,10
M,0.7,0.565,0.18,1.751,0.895,0.3355,0.446,9
F,0.71,0.56,0.18,1.652,0.735,0.381,0.4525,11
M,0.715,0.535,0.19,1.6755,0.889,0.313,0.42,10
M,0.725,0.505,0.185,1.978,1.026,0.4255,0.4505,12
F,0.73,0.575,0.185,1.8795,0.931,0.38,0.4825,12
M,0.64,0.565,0.23,1.521,0.644,0.372,0.406,15
M,0.64,0.525,0.18,1.3135,0.4865,0.2995,0.4075,10
M,0.645,0.525,0.16,1.5075,0.7455,0.245,0.4325,11
F,0.65,0.59,0.22,1.662,0.77,0.378,0.435,11
M,0.65,0.525,0.175,1.5365,0.6865,0.3585,0.405,11
M,0.655,0.535,0.205,1.6445,0.7305,0.3595,0.46,13
F,0.665,0.53,0.18,1.491,0.6345,0.342,0.435,10
M,0.675,0.545,0.185,1.7375,0.876,0.3135,0.469,13
M,0.685,0.545,0.205,1.7925,0.8145,0.416,0.461,9
F,0.695,0.565,0.19,1.7635,0.7465,0.399,0.4975,11
F,0.705,0.57,0.18,1.5345,0.96,0.4195,0.43,12
F,0.71,0.55,0.17,1.614,0.743,0.345,0.45,11
F,0.64,0.515,0.205,1.5335,0.6635,0.3345,0.4025,9
F,0.645,0.515,0.175,1.546,0.7035,0.365,0.415,10
M,0.645,0.51,0.155,1.539,0.6405,0.3585,0.43,11
F,0.65,0.545,0.175,1.5245,0.59,0.326,0.495,10
M,0.65,0.515,0.175,1.466,0.677,0.3045,0.4,10
F,0.655,0.54,0.215,1.5555,0.695,0.296,0.444,11
M,0.655,0.51,0.215,1.7835,0.8885,0.4095,0.4195,11
M,0.67,0.545,0.2,1.7025,0.833,0.374,0.41,11
M,0.67,0.5,0.19,1.519,0.616,0.388,0.415,10
F,0.68,0.5,0.185,1.741,0.7665,0.3255,0.4685,12
M,0.69,0.525,0.2,1.7825,0.9165,0.3325,0.461,12
M,0.72,0.565,0.2,2.1055,1.017,0.363,0.494,12
M,0.74,0.57,0.18,1.8725,0.9115,0.427,0.446,10
M,0.75,0.55,0.18,1.893,0.942,0.397,0.445,11
F,0.575,0.465,0.195,0.9965,0.417,0.247,0.47,8
F,0.605,0.505,0.18,1.434,0.7285,0.264,0.431,11
M,0.635,0.5,0.17,1.4345,0.611,0.309,0.418,12
M,0.64,0.525,0.185,1.707,0.763,0.4205,0.4435,11
M,0.645,0.51,0.19,1.4745,0.605,0.345,0.48,9
M,0.645,0.5,0.175,1.3375,0.554,0.308,0.415,10
F,0.655,0.505,0.19,1.3485,0.5935,0.2745,0.425,12
F,0.66,0.535,0.175,1.5175,0.711,0.3125,0.415,12
M,0.66,0.53,0.195,1.5505,0.6505,0.3295,0.495,10
F,0.67,0.52,0.19,1.32,0.5235,0.3095,0.4275,13
F,0.67,0.54,0.195,1.619,0.74,0.3305,0.465,11
M,0.68,0.52,0.195,1.4535,0.592,0.391,0.4125,10
F,0.68,0.51,0.2,1.6075,0.714,0.339,0.4705,11
F,0.685,0.565,0.175,1.638,0.7775,0.375,0.438,11
F,0.69,0.55,0.2,1.569,0.687,0.3675,0.46,12
F,0.71,0.57,0.195,1.9805,0.9925,0.4925,0.48,12
F,0.71,0.54,0.205,1.5805,0.802,0.287,0.435,10
M,0.72,0.57,0.2,1.8275,0.919,0.366,0.485,10
F,0.72,0.525,0.18,1.445,0.631,0.3215,0.435,7
F,0.74,0.565,0.205,2.119,0.9655,0.5185,0.482,12
F,0.545,0.415,0.2,1.358,0.567,0.318,0.403,10
F,0.58,0.43,0.17,1.48,0.6535,0.324,0.4155,10
F,0.655,0.52,0.2,1.5475,0.713,0.314,0.466,9
F,0.665,0.515,0.185,1.3405,0.5595,0.293,0.4375,11
F,0.685,0.535,0.175,1.5845,0.7175,0.3775,0.4215,9
M,0.695,0.53,0.19,1.726,0.7625,0.436,0.455,11
F,0.705,0.545,0.18,1.5395,0.6075,0.3675,0.4645,13
M,0.72,0.56,0.18,1.5865,0.691,0.375,0.4425,11
F,0.635,0.52,0.165,1.3405,0.5065,0.296,0.412,11
F,0.64,0.515,0.165,1.3115,0.4945,0.2555,0.41,10
F,0.645,0.51,0.18,1.6195,0.7815,0.322,0.4675,12
F,0.645,0.52,0.21,1.5535,0.616,0.3655,0.474,16
F,0.655,0.515,0.18,1.412,0.6195,0.2485,0.497,11
F,0.66,0.535,0.205,1.4415,0.5925,0.2775,0.49,10
M,0.665,0.515,0.2,1.2695,0.5115,0.2675,0.436,12
M,0.665,0.525,0.18,1.429,0.6715,0.29,0.4,12
F,0.67,0.53,0.205,1.4015,0.643,0.2465,0.416,12
M,0.675,0.515,0.15,1.312,0.556,0.2845,0.4115,11
F,0.675,0.51,0.185,1.473,0.6295,0.3025,0.4245,11
M,0.68,0.54,0.19,1.623,0.7165,0.354,0.4715,12
M,0.685,0.535,0.155,1.3845,0.6615,0.2145,0.4075,10
M,0.695,0.545,0.185,1.5715,0.6645,0.3835,0.4505,13
F,0.705,0.535,0.22,1.866,0.929,0.3835,0.4395,10
F,0.725,0.57,0.205,1.6195,0.744,0.315,0.488,11
F,0.75,0.55,0.195,1.8325,0.83,0.366,0.44,11
F,0.665,0.525,0.21,1.644,0.818,0.3395,0.4275,10
M,0.685,0.55,0.2,1.7725,0.813,0.387,0.49,11
F,0.69,0.54,0.195,1.2525,0.73,0.3975,0.462,12
F,0.705,0.57,0.185,1.761,0.747,0.3725,0.488,10
M,0.72,0.585,0.22,1.914,0.9155,0.448,0.479,11
F,0.73,0.555,0.18,1.6895,0.6555,0.1965,0.4935,10
M,0.62,0.51,0.175,1.1505,0.4375,0.2265,0.4,12
M,0.68,0.53,0.205,1.496,0.5825,0.337,0.465,14
M,0.58,0.46,0.165,1.2275,0.473,0.1965,0.435,16
M,0.61,0.5,0.165,1.2715,0.4915,0.185,0.49,12
F,0.64,0.51,0.2,1.3905,0.61,0.3315,0.41,12
F,0.71,0.565,0.195,1.817,0.785,0.492,0.49,11
F,0.57,0.45,0.17,1.098,0.414,0.187,0.405,20
F,0.595,0.47,0.25,1.283,0.462,0.2475,0.445,14
F,0.625,0.42,0.165,1.0595,0.358,0.165,0.445,21
M,0.645,0.495,0.185,1.4935,0.5265,0.2785,0.455,15
F,0.65,0.515,0.195,1.4005,0.5195,0.36,0.44,13
M,0.615,0.48,0.19,1.36,0.5305,0.2375,0.47,18
M,0.6,0.48,0.175,1.229,0.4125,0.2735,0.415,13
M,0.585,0.465,0.19,1.171,0.3905,0.2355,0.4,17
M,0.655,0.59,0.2,1.5455,0.654,0.3765,0.415,11
F,0.61,0.48,0.175,1.0675,0.391,0.216,0.42,15
M,0.655,0.525,0.185,1.259,0.487,0.2215,0.445,20
F,0.6,0.475,0.18,1.1805,0.4345,0.2475,0.425,19
F,0.665,0.535,0.19,1.496,0.5775,0.2815,0.475,17
M,0.695,0.55,0.22,1.5515,0.566,0.3835,0.445,13
M,0.655,0.485,0.195,1.62,0.6275,0.358,0.485,17
M,0.64,0.52,0.2,1.407,0.566,0.304,0.455,17
M,0.67,0.55,0.17,1.247,0.472,0.2455,0.4,21
M,0.7,0.53,0.19,1.3185,0.548,0.233,0.42,18
M,0.575,0.47,0.15,1.1415,0.4515,0.204,0.4,13
F,0.66,0.525,0.205,1.3665,0.5005,0.291,0.41,18
M,0.65,0.545,0.16,1.2425,0.487,0.296,0.48,15
I,0.635,0.505,0.19,1.3315,0.5805,0.252,0.435,17
F,0.635,0.5,0.18,1.312,0.529,0.2485,0.485,18
I,0.635,0.5,0.18,1.319,0.5485,0.292,0.49,16
M,0.64,0.585,0.195,1.647,0.7225,0.331,0.471,12
F,0.64,0.5,0.18,1.4995,0.593,0.314,0.431,11
I,0.66,0.525,0.215,1.786,0.6725,0.3615,0.4065,11
F,0.675,0.555,0.205,1.925,0.713,0.358,0.4535,13
F,0.675,0.55,0.175,1.689,0.694,0.371,0.474,13
F,0.69,0.55,0.18,1.659,0.8715,0.2655,0.4395,9
F,0.7,0.525,0.19,1.6015,0.707,0.365,0.43,10
F,0.73,0.57,0.165,2.0165,1.0685,0.418,0.435,10
F,0.69,0.545,0.205,1.933,0.7855,0.429,0.498,13
M,0.69,0.54,0.185,1.71,0.7725,0.3855,0.4325,8
F,0.695,0.55,0.155,1.8495,0.767,0.442,0.4175,10
M,0.6,0.49,0.21,1.9875,1.005,0.419,0.491,10
F,0.675,0.55,0.19,1.551,0.7105,0.3685,0.412,13
M,0.68,0.52,0.165,1.4775,0.724,0.279,0.406,11
M,0.68,0.53,0.18,1.529,0.7635,0.3115,0.4025,11
M,0.7,0.525,0.175,1.7585,0.8745,0.3615,0.47,10
M,0.7,0.55,0.2,1.523,0.693,0.306,0.4405,13
F,0.725,0.53,0.19,1.7315,0.83,0.398,0.405,11
M,0.735,0.57,0.175,1.88,0.9095,0.387,0.488,11
F,0.74,0.575,0.22,2.012,0.8915,0.5265,0.471,12
M,0.63,0.525,0.195,1.3135,0.4935,0.2565,0.465,10
M,0.65,0.51,0.175,1.446,0.6485,0.2705,0.45,12
F,0.66,0.525,0.2,1.463,0.6525,0.2995,0.422,11
F,0.675,0.525,0.17,1.711,0.8365,0.352,0.475,9
M,0.7,0.54,0.205,1.74,0.7885,0.373,0.4865,13
F,0.705,0.54,0.205,1.757,0.8265,0.417,0.461,9
M,0.71,0.565,0.2,1.601,0.706,0.321,0.45,11
M,0.72,0.55,0.205,2.165,1.1055,0.525,0.404,10
F,0.635,0.51,0.185,1.286,0.526,0.295,0.4105,12
F,0.65,0.525,0.19,1.385,0.8875,0.3095,0.405,11
M,0.695,0.54,0.195,1.691,0.768,0.363,0.4755,11
F,0.72,0.55,0.18,1.52,0.637,0.325,0.435,10
F,0.72,0.565,0.17,1.613,0.723,0.3255,0.4945,12
F,0.635,0.485,0.19,1.3765,0.634,0.2885,0.406,11
M,0.64,0.575,0.175,1.4585,0.625,0.266,0.4395,11
M,0.645,0.495,0.19,1.539,0.6115,0.408,0.445,12
M,0.65,0.52,0.195,1.676,0.693,0.44,0.47,15
F,0.65,0.565,0.2,1.6645,0.753,0.367,0.43,12
F,0.655,0.5,0.205,1.528,0.6215,0.3725,0.4535,11
F,0.655,0.515,0.2,1.494,0.7255,0.309,0.405,12
F,0.67,0.525,0.19,1.527,0.5755,0.353,0.44,12
M,0.67,0.525,0.195,1.4405,0.6595,0.2675,0.425,9
M,0.685,0.505,0.19,1.533,0.667,0.4055,0.41,10
M,0.715,0.55,0.175,1.825,0.938,0.3805,0.44,11
M,0.745,0.575,0.2,1.884,0.954,0.336,0.495,12
F,0.595,0.43,0.21,1.5245,0.653,0.396,0.41,11
M,0.645,0.505,0.185,1.463,0.592,0.3905,0.416,10
M,0.68,0.54,0.21,1.7885,0.8345,0.408,0.437,13
M,0.63,0.495,0.18,1.31,0.495,0.295,0.4695,10
M,0.655,0.54,0.165,1.403,0.6955,0.2385,0.42,11
F,0.66,0.53,0.18,1.5175,0.7765,0.302,0.401,10
M,0.665,0.525,0.155,1.3575,0.5325,0.3045,0.4485,10
F,0.68,0.52,0.185,1.494,0.615,0.3935,0.406,11
M,0.685,0.51,0.165,1.545,0.686,0.3775,0.4055,10
F,0.695,0.535,0.2,1.5855,0.667,0.334,0.471,11
F,0.7,0.555,0.22,1.666,0.647,0.4285,0.455,11
M,0.71,0.56,0.175,1.724,0.566,0.4575,0.4625,13
F,0.755,0.575,0.2,2.073,1.0135,0.4655,0.48,11
M,0.645,0.5,0.18,1.461,0.5985,0.2425,0.439,11
M,0.66,0.525,0.2,1.489,0.6065,0.3795,0.421,10
M,0.55,0.425,0.16,0.97,0.2885,0.139,0.48,20
F,0.64,0.54,0.175,1.571,0.627,0.271,0.475,18
M,0.65,0.515,0.18,1.3315,0.5665,0.347,0.405,13
F,0.635,0.505,0.185,1.3035,0.501,0.295,0.41,17
F,0.665,0.53,0.185,1.3955,0.456,0.3205,0.49,15
M,0.675,0.525,0.175,1.402,0.483,0.3205,0.465,16
M,0.64,0.525,0.2,1.3765,0.44,0.3075,0.47,16
F,0.64,0.505,0.19,1.2765,0.4835,0.328,0.4,12
F,0.59,0.485,0.205,1.2315,0.4525,0.238,0.42,13
M,0.665,0.535,0.155,1.383,0.596,0.2565,0.485,14
M,0.695,0.53,0.15,1.477,0.6375,0.3025,0.43,14
F,0.69,0.54,0.185,1.5715,0.6935,0.318,0.47,15
M,0.635,0.48,0.19,1.467,0.5825,0.303,0.42,15
F,0.695,0.55,0.16,1.6365,0.694,0.3005,0.44,13
F,0.665,0.57,0.185,1.522,0.6965,0.3025,0.405,13
M,0.605,0.485,0.175,1.145,0.4325,0.27,0.405,16
F,0.66,0.525,0.19,1.67,0.6525,0.4875,0.49,11
I,0.635,0.48,0.2,1.3655,0.6255,0.2595,0.425,16
I,0.66,0.525,0.18,1.6935,0.6025,0.4005,0.42,15
M,0.645,0.515,0.185,1.4605,0.5835,0.3155,0.41,19
M,0.64,0.51,0.17,1.3715,0.567,0.307,0.409,10
F,0.65,0.545,0.185,1.5055,0.6565,0.341,0.43,10
F,0.625,0.47,0.17,1.255,0.525,0.2415,0.405,10
M,0.625,0.485,0.17,1.437,0.5855,0.293,0.475,11
F,0.665,0.52,0.165,1.6885,0.7295,0.407,0.4265,11
F,0.725,0.58,0.185,1.523,0.8045,0.3595,0.4375,9
F,0.66,0.5,0.175,1.3275,0.556,0.2805,0.4085,9
M,0.67,0.525,0.18,1.6615,0.8005,0.3645,0.43,10
F,0.69,0.525,0.19,1.492,0.6425,0.3905,0.42,12
F,0.7,0.575,0.2,1.7365,0.7755,0.3965,0.461,11
M,0.71,0.57,0.195,1.348,0.8985,0.4435,0.4535,11
M,0.715,0.545,0.18,1.7405,0.871,0.347,0.449,10
F,0.72,0.545,0.185,1.7185,0.7925,0.401,0.468,11
M,0.65,0.515,0.18,1.463,0.658,0.3135,0.4115,11
F,0.65,0.52,0.195,1.6275,0.689,0.3905,0.432,11
M,0.655,0.525,0.16,1.46,0.686,0.311,0.405,11
F,0.655,0.53,0.165,1.2835,0.583,0.1255,0.4,8
M,0.66,0.515,0.2,1.6465,0.749,0.422,0.401,11
M,0.685,0.53,0.17,1.56,0.647,0.383,0.465,11
M,0.715,0.52,0.18,1.6,0.708,0.3525,0.445,12
M,0.66,0.53,0.175,1.583,0.7395,0.3505,0.405,10
M,0.69,0.53,0.19,1.5955,0.678,0.331,0.48,10
M,0.715,0.525,0.2,1.89,0.95,0.436,0.4305,10
M,0.64,0.5,0.175,1.273,0.5065,0.2925,0.405,13
M,0.645,0.51,0.19,1.4865,0.6445,0.296,0.425,12
M,0.65,0.525,0.205,1.4275,0.69,0.306,0.4355,13
M,0.65,0.525,0.19,1.3685,0.5975,0.296,0.4,11
F,0.665,0.54,0.195,1.764,0.8505,0.3615,0.47,11
F,0.67,0.54,0.2,1.46,0.6435,0.328,0.4165,9
F,0.675,0.535,0.185,1.5575,0.7035,0.402,0.4,11
F,0.675,0.53,0.195,1.4985,0.62,0.375,0.425,9
M,0.685,0.55,0.19,1.885,0.89,0.41,0.4895,10
M,0.685,0.535,0.175,1.432,0.637,0.247,0.46,11
M,0.705,0.55,0.21,1.4385,0.655,0.3255,0.462,11
F,0.705,0.53,0.17,1.564,0.612,0.394,0.44,10
M,0.71,0.555,0.175,2.14,1.2455,0.3725,0.434,11
F,0.725,0.56,0.185,1.792,0.873,0.367,0.435,11
F,0.575,0.42,0.19,1.764,0.914,0.377,0.4095,10
F,0.67,0.525,0.195,1.37,0.6065,0.2955,0.407,12
F,0.695,0.525,0.205,1.8185,0.819,0.4025,0.4525,13
F,0.655,0.52,0.175,1.472,0.6275,0.27,0.45,13
F,0.665,0.525,0.18,1.5785,0.678,0.229,0.456,14
F,0.675,0.54,0.21,1.593,0.686,0.318,0.45,11
F,0.695,0.535,0.175,1.361,0.5465,0.2815,0.465,10
F,0.705,0.56,0.17,1.4575,0.607,0.318,0.44,11
M,0.74,0.58,0.205,2.381,0.8155,0.4695,0.488,12
F,0.68,0.52,0.185,1.541,0.5985,0.395,0.4575,10
M,0.68,0.54,0.195,1.7825,0.5565,0.3235,0.4285,11
F,0.71,0.555,0.17,1.47,0.5375,0.38,0.431,12
F,0.675,0.535,0.22,1.604,0.6175,0.4255,0.453,14
M,0.655,0.515,0.2,1.373,0.443,0.3375,0.49,16
F,0.63,0.475,0.175,1.423,0.4155,0.3385,0.49,14
F,0.655,0.5,0.18,1.4155,0.508,0.314,0.445,18
F,0.645,0.5,0.225,1.626,0.587,0.4055,0.41,15
F,0.67,0.545,0.16,1.5415,0.5985,0.2565,0.495,15
M,0.62,0.5,0.2,1.221,0.4605,0.263,0.43,12
F,0.65,0.515,0.215,1.498,0.564,0.323,0.425,16
F,0.67,0.535,0.185,1.597,0.6275,0.35,0.47,21
M,0.55,0.45,0.175,1.0985,0.3765,0.215,0.4,14
M,0.69,0.55,0.195,1.777,0.769,0.38,0.4305,11
M,0.695,0.55,0.205,2.173,1.133,0.4665,0.496,10
M,0.67,0.51,0.2,1.5945,0.6705,0.3845,0.4505,10
F,0.68,0.55,0.175,1.473,0.713,0.282,0.4295,11
F,0.69,0.58,0.195,1.658,0.708,0.3615,0.4715,10
M,0.72,0.545,0.195,1.7475,0.8215,0.383,0.4705,11
M,0.645,0.51,0.165,1.403,0.5755,0.2515,0.4545,11
F,0.69,0.535,0.185,1.826,0.797,0.409,0.499,11
F,0.695,0.56,0.185,1.7715,0.8195,0.331,0.437,10
M,0.68,0.545,0.185,1.672,0.7075,0.364,0.48,11
F,0.71,0.545,0.175,1.907,0.8725,0.4565,0.475,11
F,0.72,0.59,0.205,1.7495,0.7755,0.4225,0.48,11
F,0.56,0.42,0.18,1.6645,0.7755,0.35,0.4525,9
F,0.645,0.535,0.19,1.2395,0.468,0.2385,0.424,10
F,0.65,0.505,0.165,1.357,0.5725,0.281,0.43,11
F,0.655,0.5,0.22,1.359,0.642,0.3255,0.405,13
M,0.695,0.55,0.195,1.6645,0.727,0.36,0.445,11
M,0.71,0.555,0.195,1.9485,0.9455,0.3765,0.495,12
